2489 2553
32 32 32
                                                                                                                                                                                     
1 1 30 64 INV
2 1 62 64 65 AND
1 1 65 66 INV
1 1 29 67 INV
2 1 61 67 68 AND
1 1 68 69 INV
1 1 61 70 INV
1 1 67 71 INV
2 1 70 71 72 AND
1 1 72 73 INV
1 1 28 74 INV
2 1 73 74 75 AND
2 1 60 75 76 AND
1 1 76 77 INV
2 1 69 77 78 AND
1 1 78 79 INV
1 1 62 80 INV
2 1 30 80 81 AND
1 1 81 82 INV
2 1 79 82 83 AND
1 1 83 84 INV
2 1 66 84 85 AND
1 1 25 86 INV
2 1 57 86 87 AND
1 1 87 88 INV
1 1 57 89 INV
1 1 86 90 INV
2 1 89 90 91 AND
1 1 91 92 INV
1 1 24 93 INV
2 1 92 93 94 AND
2 1 94 56 95 AND
1 1 95 96 INV
2 1 88 96 97 AND
1 1 97 98 INV
1 1 58 99 INV
2 1 26 99 100 AND
1 1 100 101 INV
1 1 59 102 INV
2 1 27 102 103 AND
1 1 103 104 INV
2 1 101 104 105 AND
1 1 105 106 INV
1 1 106 107 INV
2 1 98 107 108 AND
1 1 108 109 INV
1 1 27 110 INV
2 1 59 110 111 AND
1 1 111 112 INV
2 1 109 112 113 AND
1 1 26 114 INV
2 1 104 114 115 AND
2 1 58 115 116 AND
1 1 116 117 INV
2 1 113 117 118 AND
1 1 118 119 INV
1 1 81 120 INV
2 1 73 120 121 AND
1 1 60 122 INV
2 1 28 122 123 AND
1 1 123 124 INV
2 1 121 124 125 AND
2 1 119 125 126 AND
1 1 126 127 INV
1 1 106 128 INV
2 1 125 128 129 AND
1 1 56 130 INV
2 1 24 130 131 AND
1 1 131 132 INV
2 1 92 132 133 AND
2 1 129 133 134 AND
1 1 50 135 INV
2 1 18 135 136 AND
1 1 136 137 INV
1 1 51 138 INV
2 1 19 138 139 AND
1 1 139 140 INV
2 1 137 140 141 AND
1 1 141 142 INV
1 1 142 143 INV
2 1 134 143 144 AND
1 1 53 145 INV
2 1 21 145 146 AND
1 1 146 147 INV
1 1 52 148 INV
2 1 20 148 149 AND
1 1 149 150 INV
2 1 147 150 151 AND
1 1 54 152 INV
2 1 22 152 153 AND
1 1 153 154 INV
1 1 55 155 INV
2 1 23 155 156 AND
1 1 156 157 INV
2 1 154 157 158 AND
1 1 158 159 INV
1 1 159 160 INV
2 1 151 160 161 AND
1 1 161 162 INV
1 1 162 163 INV
2 1 144 163 164 AND
1 1 49 165 INV
2 1 17 165 166 AND
1 1 166 167 INV
1 1 15 168 INV
2 1 47 168 169 AND
1 1 169 170 INV
1 1 13 171 INV
2 1 45 171 172 AND
1 1 172 173 INV
1 1 45 174 INV
2 1 13 174 175 AND
1 1 175 176 INV
1 1 12 177 INV
2 1 176 177 178 AND
2 1 44 178 179 AND
1 1 179 180 INV
2 1 173 180 181 AND
1 1 181 182 INV
1 1 46 183 INV
2 1 14 183 184 AND
1 1 184 185 INV
1 1 47 186 INV
2 1 15 186 187 AND
1 1 187 188 INV
2 1 185 188 189 AND
1 1 189 190 INV
1 1 190 191 INV
2 1 182 191 192 AND
1 1 192 193 INV
2 1 170 193 194 AND
1 1 14 195 INV
2 1 188 195 196 AND
2 1 46 196 197 AND
1 1 197 198 INV
1 1 9 199 INV
2 1 41 199 200 AND
1 1 200 201 INV
1 1 41 202 INV
2 1 9 202 203 AND
1 1 203 204 INV
1 1 8 205 INV
2 1 204 205 206 AND
2 1 40 206 207 AND
1 1 207 208 INV
2 1 201 208 209 AND
1 1 209 210 INV
1 1 42 211 INV
2 1 10 211 212 AND
1 1 212 213 INV
1 1 43 214 INV
2 1 11 214 215 AND
1 1 215 216 INV
2 1 213 216 217 AND
1 1 217 218 INV
1 1 218 219 INV
2 1 210 219 220 AND
1 1 220 221 INV
1 1 11 222 INV
2 1 43 222 223 AND
1 1 223 224 INV
2 1 221 224 225 AND
1 1 10 226 INV
2 1 216 226 227 AND
2 1 42 227 228 AND
1 1 228 229 INV
2 1 225 229 230 AND
1 1 230 231 INV
1 1 44 232 INV
2 1 12 232 233 AND
1 1 233 234 INV
2 1 176 234 235 AND
1 1 190 236 INV
2 1 235 236 237 AND
2 1 231 237 238 AND
1 1 238 239 INV
2 1 198 239 240 AND
1 1 218 241 INV
2 1 237 241 242 AND
1 1 40 243 INV
2 1 8 243 244 AND
1 1 244 245 INV
2 1 204 245 246 AND
1 1 5 247 INV
2 1 37 247 248 AND
1 1 248 249 INV
1 1 37 250 INV
2 1 5 250 251 AND
1 1 251 252 INV
1 1 4 253 INV
2 1 252 253 254 AND
2 1 36 254 255 AND
1 1 255 256 INV
2 1 249 256 257 AND
1 1 257 258 INV
1 1 38 259 INV
2 1 6 259 260 AND
1 1 260 261 INV
1 1 39 262 INV
2 1 7 262 263 AND
1 1 263 264 INV
2 1 261 264 265 AND
1 1 265 266 INV
1 1 266 267 INV
2 1 258 267 268 AND
1 1 268 269 INV
1 1 7 270 INV
2 1 39 270 271 AND
1 1 271 272 INV
2 1 269 272 273 AND
1 1 6 274 INV
2 1 264 274 275 AND
2 1 275 38 276 AND
1 1 276 277 INV
1 1 35 278 INV
1 1 3 279 INV
1 1 279 280 INV
2 1 278 280 281 AND
1 1 281 282 INV
1 1 34 283 INV
2 1 2 283 284 AND
1 1 284 285 INV
2 1 282 285 286 AND
1 1 1 287 INV
2 1 33 287 288 AND
1 1 288 289 INV
1 1 33 290 INV
2 1 1 290 291 AND
1 1 291 292 INV
1 1 0 293 INV
2 1 292 293 294 AND
2 1 32 294 295 AND
1 1 295 296 INV
2 1 289 296 297 AND
1 1 297 298 INV
2 1 286 298 299 AND
1 1 299 300 INV
2 1 35 279 301 AND
1 1 301 302 INV
2 1 300 302 303 AND
1 1 2 304 INV
2 1 282 304 305 AND
2 1 34 305 306 AND
1 1 306 307 INV
2 1 303 307 308 AND
1 1 308 309 INV
1 1 266 310 INV
2 1 309 310 311 AND
1 1 36 312 INV
2 1 4 312 313 AND
1 1 313 314 INV
2 1 252 314 315 AND
2 1 311 315 316 AND
1 1 316 317 INV
2 1 277 317 318 AND
2 1 273 318 319 AND
1 1 319 320 INV
2 1 246 320 321 AND
2 1 242 321 322 AND
1 1 322 323 INV
2 1 240 323 324 AND
2 1 194 324 325 AND
1 1 325 326 INV
2 1 167 326 327 AND
1 1 48 328 INV
2 1 16 328 329 AND
1 1 329 330 INV
2 1 327 330 331 AND
2 1 164 331 332 AND
1 1 332 333 INV
2 1 127 333 334 AND
1 1 21 335 INV
2 1 53 335 336 AND
1 1 336 337 INV
1 1 20 338 INV
2 1 147 338 339 AND
2 1 52 339 340 AND
1 1 340 341 INV
2 1 337 341 342 AND
1 1 342 343 INV
1 1 159 344 INV
2 1 343 344 345 AND
1 1 345 346 INV
1 1 23 347 INV
2 1 55 347 348 AND
1 1 348 349 INV
2 1 346 349 350 AND
1 1 22 351 INV
2 1 157 351 352 AND
2 1 352 54 353 AND
1 1 353 354 INV
1 1 17 355 INV
2 1 49 355 356 AND
1 1 356 357 INV
1 1 16 358 INV
2 1 167 358 359 AND
2 1 48 359 360 AND
1 1 360 361 INV
2 1 357 361 362 AND
1 1 362 363 INV
1 1 142 364 INV
2 1 363 364 365 AND
1 1 365 366 INV
1 1 19 367 INV
2 1 51 367 368 AND
1 1 368 369 INV
2 1 366 369 370 AND
1 1 18 371 INV
2 1 140 371 372 AND
2 1 372 50 373 AND
1 1 373 374 INV
2 1 370 374 375 AND
1 1 375 376 INV
1 1 162 377 INV
2 1 376 377 378 AND
1 1 378 379 INV
2 1 354 379 380 AND
2 1 350 380 381 AND
1 1 381 382 INV
2 1 382 134 383 AND
1 1 383 384 INV
2 1 334 384 385 AND
2 1 85 385 386 AND
1 1 386 387 INV
2 1 56 24 388 XOR
2 1 387 388 389 AND
2 1 56 389 390 XOR
1 1 390 391 INV
2 1 24 56 392 XOR
2 1 387 392 393 AND
2 1 24 393 394 XOR
2 1 391 394 395 XOR
2 1 347 155 396 XOR
2 1 387 396 397 AND
2 1 347 397 398 XOR
1 1 398 399 INV
2 1 155 347 400 XOR
2 1 387 400 401 AND
2 1 155 401 402 XOR
2 1 399 402 403 XOR
2 1 399 402 404 AND
2 1 403 404 405 XOR
2 1 405 395 406 XOR
2 1 405 394 407 XOR
2 1 395 407 408 AND
2 1 394 408 409 XOR
2 1 89 86 410 XOR
2 1 387 410 411 AND
2 1 89 411 412 XOR
2 1 86 89 413 XOR
2 1 387 413 414 AND
2 1 86 414 415 XOR
1 1 415 416 INV
2 1 412 416 417 XOR
2 1 409 417 418 XOR
2 1 409 416 419 XOR
2 1 417 419 420 AND
2 1 416 420 421 XOR
2 1 99 114 422 XOR
2 1 387 422 423 AND
2 1 99 423 424 XOR
2 1 114 99 425 XOR
2 1 387 425 426 AND
2 1 114 426 427 XOR
1 1 427 428 INV
2 1 424 428 429 XOR
2 1 421 429 430 XOR
2 1 421 428 431 XOR
2 1 429 431 432 AND
2 1 428 432 433 XOR
2 1 102 110 434 XOR
2 1 387 434 435 AND
2 1 102 435 436 XOR
2 1 110 102 437 XOR
2 1 387 437 438 AND
2 1 110 438 439 XOR
1 1 439 440 INV
2 1 436 440 441 XOR
2 1 433 441 442 XOR
2 1 433 440 443 XOR
2 1 441 443 444 AND
2 1 440 444 445 XOR
2 1 122 74 446 XOR
2 1 387 446 447 AND
2 1 122 447 448 XOR
2 1 74 122 449 XOR
2 1 387 449 450 AND
2 1 74 450 451 XOR
1 1 451 452 INV
2 1 448 452 453 XOR
2 1 445 453 454 XOR
2 1 445 452 455 XOR
2 1 453 455 456 AND
2 1 452 456 457 XOR
2 1 70 67 458 XOR
2 1 387 458 459 AND
2 1 70 459 460 XOR
2 1 67 70 461 XOR
2 1 387 461 462 AND
2 1 67 462 463 XOR
1 1 463 464 INV
2 1 460 464 465 XOR
2 1 457 465 466 XOR
2 1 457 464 467 XOR
2 1 465 467 468 AND
2 1 464 468 469 XOR
1 1 62 470 INV
2 1 470 64 471 XOR
2 1 387 471 472 AND
2 1 470 472 473 XOR
2 1 470 64 474 AND
1 1 474 475 INV
2 1 473 475 476 XOR
2 1 469 476 477 XOR
2 1 31 63 478 XOR
2 1 387 478 479 AND
2 1 31 479 480 XOR
2 1 480 63 481 XOR
1 1 481 482 INV
2 1 480 31 483 XOR
1 1 483 484 INV
2 1 482 484 485 AND
1 1 387 486 INV
2 1 10 42 487 XOR
2 1 486 487 488 AND
2 1 10 488 489 XOR
2 1 402 399 490 XOR
1 1 490 491 INV
2 1 11 43 492 XOR
2 1 486 492 493 AND
2 1 11 493 494 XOR
2 1 489 494 495 XOR
2 1 491 495 496 AND
2 1 489 496 497 XOR
1 1 406 498 INV
2 1 41 9 499 XOR
2 1 387 499 500 AND
2 1 41 500 501 XOR
1 1 491 502 INV
2 1 8 40 503 XOR
2 1 486 503 504 AND
2 1 8 504 505 XOR
2 1 501 505 506 XOR
2 1 502 506 507 AND
2 1 501 507 508 XOR
2 1 497 508 509 XOR
2 1 498 509 510 AND
2 1 497 510 511 XOR
2 1 15 47 512 XOR
2 1 486 512 513 AND
2 1 15 513 514 XOR
2 1 14 46 515 XOR
2 1 486 515 516 AND
2 1 14 516 517 XOR
2 1 514 517 518 XOR
2 1 502 518 519 AND
2 1 514 519 520 XOR
2 1 45 13 521 XOR
2 1 387 521 522 AND
2 1 45 522 523 XOR
2 1 12 44 524 XOR
2 1 486 524 525 AND
2 1 12 525 526 XOR
2 1 523 526 527 XOR
2 1 502 527 528 AND
2 1 523 528 529 XOR
2 1 520 529 530 XOR
2 1 498 530 531 AND
2 1 520 531 532 XOR
2 1 511 532 533 XOR
2 1 418 533 534 AND
2 1 511 534 535 XOR
1 1 430 536 INV
2 1 7 39 537 XOR
2 1 486 537 538 AND
2 1 7 538 539 XOR
2 1 6 38 540 XOR
2 1 486 540 541 AND
2 1 6 541 542 XOR
2 1 539 542 543 XOR
2 1 502 543 544 AND
2 1 539 544 545 XOR
2 1 5 37 546 XOR
2 1 486 546 547 AND
2 1 5 547 548 XOR
2 1 4 36 549 XOR
2 1 486 549 550 AND
2 1 4 550 551 XOR
2 1 548 551 552 XOR
2 1 502 552 553 AND
2 1 548 553 554 XOR
2 1 545 554 555 XOR
2 1 498 555 556 AND
2 1 545 556 557 XOR
1 1 418 558 INV
2 1 283 304 559 XOR
2 1 387 559 560 AND
2 1 283 560 561 XOR
2 1 278 279 562 XOR
2 1 387 562 563 AND
2 1 278 563 564 XOR
2 1 561 564 565 XOR
2 1 491 565 566 AND
2 1 561 566 567 XOR
2 1 290 287 568 XOR
2 1 387 568 569 AND
2 1 290 569 570 XOR
2 1 32 0 571 XOR
2 1 387 571 572 AND
2 1 32 572 573 XOR
1 1 573 574 INV
2 1 570 574 575 XOR
2 1 502 575 576 AND
2 1 570 576 577 XOR
2 1 567 577 578 XOR
2 1 498 578 579 AND
2 1 567 579 580 XOR
1 1 580 581 INV
2 1 557 581 582 XOR
2 1 558 582 583 AND
2 1 557 583 584 XOR
2 1 535 584 585 XOR
2 1 536 585 586 AND
2 1 535 586 587 XOR
2 1 19 51 588 XOR
2 1 486 588 589 AND
2 1 19 589 590 XOR
2 1 18 50 591 XOR
2 1 486 591 592 AND
2 1 18 592 593 XOR
2 1 590 593 594 XOR
2 1 502 594 595 AND
2 1 590 595 596 XOR
2 1 49 17 597 XOR
2 1 387 597 598 AND
2 1 49 598 599 XOR
2 1 16 48 600 XOR
2 1 486 600 601 AND
2 1 16 601 602 XOR
2 1 599 602 603 XOR
2 1 502 603 604 AND
2 1 599 604 605 XOR
2 1 596 605 606 XOR
2 1 498 606 607 AND
2 1 596 607 608 XOR
2 1 53 21 609 XOR
2 1 387 609 610 AND
2 1 53 610 611 XOR
2 1 20 52 612 XOR
2 1 486 612 613 AND
2 1 20 613 614 XOR
2 1 611 614 615 XOR
2 1 502 615 616 AND
2 1 611 616 617 XOR
2 1 22 54 618 XOR
2 1 486 618 619 AND
2 1 22 619 620 XOR
2 1 620 491 621 XOR
2 1 620 491 622 AND
2 1 621 622 623 XOR
2 1 617 623 624 XOR
2 1 406 624 625 AND
2 1 617 625 626 XOR
2 1 608 626 627 XOR
2 1 418 627 628 AND
2 1 608 628 629 XOR
1 1 430 630 INV
2 1 629 630 631 AND
2 1 587 631 632 XOR
2 1 442 632 633 AND
2 1 587 633 634 XOR
2 1 477 466 635 XOR
2 1 477 466 636 AND
2 1 635 636 637 XOR
1 1 637 638 INV
1 1 454 639 INV
2 1 638 639 640 AND
2 1 634 640 641 AND
2 1 402 424 642 AND
2 1 412 448 643 AND
2 1 642 643 644 AND
2 1 436 473 645 AND
2 1 460 391 646 AND
2 1 645 646 647 AND
2 1 644 647 648 AND
1 1 648 649 INV
2 1 475 440 650 AND
2 1 650 394 651 AND
2 1 452 464 652 AND
2 1 428 416 653 AND
2 1 652 653 654 AND
2 1 651 654 655 AND
1 1 398 656 INV
2 1 655 656 657 AND
1 1 657 658 INV
2 1 649 658 659 AND
1 1 485 660 INV
1 1 660 661 INV
2 1 659 661 662 AND
1 1 662 663 INV
2 1 485 663 664 XOR
2 1 641 664 665 AND
2 1 485 665 666 XOR
2 1 659 485 667 XOR
2 1 659 485 668 AND
2 1 667 668 669 XOR
2 1 666 669 670 AND
1 1 670 671 INV
2 1 0 32 672 XOR
2 1 387 672 673 AND
2 1 0 673 674 XOR
2 1 671 674 675 XOR
1 1 442 676 INV
1 1 430 677 INV
2 1 558 677 678 AND
1 1 502 679 INV
2 1 406 679 680 AND
1 1 680 681 INV
2 1 678 681 682 AND
1 1 682 683 INV
1 1 683 684 INV
2 1 676 684 685 AND
1 1 685 686 INV
2 1 573 686 687 AND
1 1 687 688 INV
2 1 676 498 689 AND
1 1 689 690 INV
2 1 494 690 691 AND
1 1 691 692 INV
1 1 501 693 INV
2 1 692 693 694 AND
1 1 694 695 INV
2 1 558 676 696 AND
1 1 696 697 INV
2 1 442 430 698 XOR
2 1 442 430 699 AND
2 1 698 699 700 XOR
1 1 700 701 INV
1 1 701 702 INV
2 1 697 702 703 AND
2 1 695 703 704 AND
1 1 704 705 INV
2 1 688 705 706 AND
1 1 418 707 INV
2 1 701 707 708 AND
1 1 708 709 INV
1 1 570 710 INV
2 1 709 710 711 AND
1 1 711 712 INV
2 1 536 681 713 AND
1 1 713 714 INV
1 1 678 715 INV
2 1 714 715 716 AND
1 1 716 717 INV
2 1 676 717 718 AND
1 1 718 719 INV
2 1 719 551 720 AND
1 1 720 721 INV
2 1 712 721 722 AND
2 1 536 498 723 AND
1 1 723 724 INV
2 1 590 724 725 AND
1 1 725 726 INV
1 1 599 727 INV
2 1 726 727 728 AND
1 1 728 729 INV
1 1 678 730 INV
2 1 442 730 731 AND
2 1 729 731 732 AND
1 1 732 733 INV
2 1 722 733 734 AND
2 1 706 734 735 AND
2 1 498 558 736 AND
1 1 611 737 INV
2 1 736 737 738 AND
1 1 738 739 INV
2 1 430 739 740 AND
1 1 740 741 INV
1 1 523 742 INV
2 1 741 742 743 AND
2 1 683 602 744 AND
1 1 744 745 INV
1 1 717 746 INV
2 1 614 746 747 AND
1 1 747 748 INV
2 1 745 748 749 AND
2 1 743 749 750 AND
1 1 750 751 INV
2 1 442 751 752 AND
1 1 752 753 INV
2 1 502 498 754 AND
2 1 701 754 755 AND
1 1 755 756 INV
2 1 709 756 757 AND
1 1 561 758 INV
2 1 757 758 759 AND
1 1 759 760 INV
2 1 753 760 761 AND
2 1 558 689 762 AND
1 1 762 763 INV
2 1 702 763 764 AND
1 1 764 765 INV
1 1 765 766 INV
2 1 539 766 767 AND
1 1 767 768 INV
2 1 702 548 769 AND
1 1 769 770 INV
2 1 768 770 771 AND
1 1 564 772 INV
2 1 701 498 773 AND
1 1 773 774 INV
2 1 709 774 775 AND
2 1 772 775 776 AND
1 1 776 777 INV
2 1 771 777 778 AND
2 1 761 778 779 AND
2 1 735 779 780 AND
2 1 418 491 781 XOR
2 1 418 491 782 AND
2 1 781 782 783 XOR
1 1 783 784 INV
2 1 784 689 785 AND
1 1 785 786 INV
2 1 786 702 787 AND
2 1 787 542 788 AND
1 1 788 789 INV
2 1 676 784 790 AND
1 1 790 791 INV
2 1 505 791 792 AND
1 1 765 793 INV
2 1 792 793 794 AND
1 1 794 795 INV
2 1 789 795 796 AND
2 1 558 723 797 AND
1 1 797 798 INV
2 1 514 798 799 AND
2 1 442 799 800 AND
1 1 800 801 INV
2 1 703 526 802 AND
2 1 502 676 803 AND
1 1 803 804 INV
1 1 689 805 INV
2 1 804 805 806 AND
2 1 802 806 807 AND
1 1 807 808 INV
2 1 801 808 809 AND
2 1 502 689 810 AND
1 1 810 811 INV
2 1 489 811 812 AND
2 1 812 703 813 AND
1 1 813 814 INV
2 1 809 814 815 AND
2 1 796 815 816 AND
2 1 502 723 817 AND
1 1 817 818 INV
2 1 593 818 819 AND
2 1 819 731 820 AND
1 1 820 821 INV
2 1 430 442 822 AND
1 1 784 823 INV
2 1 620 823 824 AND
2 1 822 824 825 AND
1 1 825 826 INV
2 1 821 826 827 AND
2 1 784 723 828 AND
1 1 828 829 INV
2 1 517 829 830 AND
2 1 442 830 831 AND
1 1 831 832 INV
2 1 827 832 833 AND
2 1 833 640 834 AND
2 1 816 834 835 AND
2 1 780 835 836 AND
1 1 836 837 INV
2 1 837 659 838 AND
1 1 838 839 INV
2 1 839 485 840 XOR
2 1 660 840 841 AND
2 1 529 497 842 XOR
2 1 498 842 843 AND
2 1 529 843 844 XOR
2 1 508 545 845 XOR
2 1 498 845 846 AND
2 1 508 846 847 XOR
2 1 844 847 848 XOR
2 1 558 848 849 AND
2 1 844 849 850 XOR
1 1 567 851 INV
2 1 851 554 852 XOR
2 1 406 852 853 AND
2 1 851 853 854 XOR
1 1 577 855 INV
2 1 406 855 856 AND
2 1 854 856 857 XOR
2 1 558 857 858 AND
2 1 854 858 859 XOR
2 1 850 859 860 XOR
2 1 536 860 861 AND
2 1 850 861 862 XOR
2 1 617 596 863 XOR
2 1 498 863 864 AND
2 1 617 864 865 XOR
2 1 605 520 866 XOR
2 1 498 866 867 AND
2 1 605 867 868 XOR
2 1 865 868 869 XOR
2 1 558 869 870 AND
2 1 865 870 871 XOR
2 1 623 498 872 AND
1 1 418 873 INV
2 1 872 873 874 AND
2 1 871 874 875 XOR
2 1 430 875 876 AND
2 1 871 876 877 XOR
2 1 862 877 878 XOR
2 1 442 878 879 AND
2 1 862 879 880 XOR
2 1 880 640 881 AND
2 1 485 663 882 XOR
2 1 881 882 883 AND
2 1 485 883 884 XOR
2 1 884 669 885 AND
1 1 885 886 INV
2 1 841 886 887 AND
2 1 501 489 888 XOR
2 1 491 888 889 AND
2 1 501 889 890 XOR
2 1 505 539 891 XOR
2 1 502 891 892 AND
2 1 505 892 893 XOR
2 1 890 893 894 XOR
2 1 498 894 895 AND
2 1 890 895 896 XOR
2 1 523 517 897 XOR
2 1 491 897 898 AND
2 1 523 898 899 XOR
2 1 494 526 900 XOR
2 1 491 900 901 AND
2 1 494 901 902 XOR
2 1 899 902 903 XOR
2 1 498 903 904 AND
2 1 899 904 905 XOR
2 1 896 905 906 XOR
2 1 418 906 907 AND
2 1 896 907 908 XOR
2 1 561 570 909 XOR
2 1 502 909 910 AND
2 1 561 910 911 XOR
1 1 911 912 INV
2 1 491 573 913 AND
2 1 912 913 914 XOR
2 1 498 914 915 AND
2 1 912 915 916 XOR
2 1 542 548 917 XOR
2 1 502 917 918 AND
2 1 542 918 919 XOR
2 1 551 772 920 XOR
2 1 502 920 921 AND
2 1 551 921 922 XOR
2 1 919 922 923 XOR
2 1 498 923 924 AND
2 1 919 924 925 XOR
2 1 916 925 926 XOR
2 1 418 926 927 AND
2 1 916 927 928 XOR
2 1 908 928 929 XOR
2 1 536 929 930 AND
2 1 908 930 931 XOR
2 1 620 611 932 XOR
2 1 502 932 933 AND
2 1 620 933 934 XOR
2 1 590 614 935 XOR
2 1 491 935 936 AND
2 1 590 936 937 XOR
2 1 934 937 938 XOR
2 1 498 938 939 AND
2 1 934 939 940 XOR
2 1 593 599 941 XOR
2 1 502 941 942 AND
2 1 593 942 943 XOR
2 1 602 514 944 XOR
2 1 502 944 945 AND
2 1 602 945 946 XOR
2 1 943 946 947 XOR
2 1 498 947 948 AND
2 1 943 948 949 XOR
2 1 940 949 950 XOR
2 1 558 950 951 AND
2 1 940 951 952 XOR
2 1 502 498 953 AND
1 1 953 954 INV
2 1 418 954 955 XOR
2 1 418 954 956 AND
2 1 955 956 957 XOR
1 1 957 958 INV
2 1 952 958 959 XOR
2 1 430 959 960 AND
2 1 952 960 961 XOR
2 1 931 961 962 XOR
2 1 442 962 963 AND
2 1 931 963 964 XOR
2 1 964 640 965 AND
2 1 485 663 966 XOR
2 1 965 966 967 AND
2 1 485 967 968 XOR
2 1 968 669 969 AND
1 1 969 970 INV
2 1 887 970 971 AND
2 1 971 675 972 XOR
2 1 971 674 973 XOR
2 1 675 973 974 AND
2 1 674 974 975 XOR
2 1 902 890 976 XOR
2 1 498 976 977 AND
2 1 902 977 978 XOR
2 1 946 899 979 XOR
2 1 498 979 980 AND
2 1 946 980 981 XOR
2 1 978 981 982 XOR
2 1 418 982 983 AND
2 1 978 983 984 XOR
2 1 893 919 985 XOR
2 1 498 985 986 AND
2 1 893 986 987 XOR
2 1 912 922 988 XOR
2 1 406 988 989 AND
2 1 912 989 990 XOR
2 1 987 990 991 XOR
2 1 558 991 992 AND
2 1 987 992 993 XOR
2 1 984 993 994 XOR
2 1 536 994 995 AND
2 1 984 995 996 XOR
2 1 502 934 997 XOR
2 1 498 997 998 AND
2 1 502 998 999 XOR
2 1 937 943 1000 XOR
2 1 498 1000 1001 AND
2 1 937 1001 1002 XOR
2 1 999 1002 1003 XOR
2 1 558 1003 1004 AND
2 1 999 1004 1005 XOR
1 1 430 1006 INV
2 1 1005 1006 1007 AND
2 1 996 1007 1008 XOR
2 1 442 1008 1009 AND
2 1 996 1009 1010 XOR
2 1 1010 640 1011 AND
2 1 485 663 1012 XOR
2 1 1011 1012 1013 AND
2 1 485 1013 1014 XOR
2 1 1014 669 1015 AND
1 1 1015 1016 INV
2 1 33 1 1017 XOR
2 1 486 1017 1018 AND
2 1 33 1018 1019 XOR
2 1 1016 1019 1020 XOR
2 1 975 1020 1021 XOR
2 1 975 1019 1022 XOR
2 1 1020 1022 1023 AND
2 1 1019 1023 1024 XOR
2 1 844 868 1025 XOR
2 1 418 1025 1026 AND
2 1 844 1026 1027 XOR
2 1 854 847 1028 XOR
2 1 418 1028 1029 AND
2 1 854 1029 1030 XOR
2 1 1027 1030 1031 XOR
2 1 536 1031 1032 AND
2 1 1027 1032 1033 XOR
2 1 865 872 1034 XOR
2 1 418 1034 1035 AND
2 1 865 1035 1036 XOR
1 1 430 1037 INV
2 1 1036 1037 1038 AND
2 1 1033 1038 1039 XOR
2 1 442 1039 1040 AND
2 1 1033 1040 1041 XOR
2 1 1041 640 1042 AND
2 1 485 663 1043 XOR
2 1 1042 1043 1044 AND
2 1 485 1044 1045 XOR
2 1 1045 669 1046 AND
1 1 1046 1047 INV
2 1 34 2 1048 XOR
2 1 486 1048 1049 AND
2 1 34 1049 1050 XOR
2 1 1047 1050 1051 XOR
2 1 1024 1051 1052 XOR
2 1 1024 1050 1053 XOR
2 1 1051 1053 1054 AND
2 1 1050 1054 1055 XOR
1 1 940 1056 INV
2 1 954 1056 1057 XOR
2 1 558 1057 1058 AND
2 1 954 1058 1059 XOR
2 1 1059 430 1060 XOR
2 1 1059 430 1061 AND
2 1 1060 1061 1062 XOR
2 1 949 905 1063 XOR
2 1 558 1063 1064 AND
2 1 949 1064 1065 XOR
2 1 925 896 1066 XOR
2 1 418 1066 1067 AND
2 1 925 1067 1068 XOR
2 1 1065 1068 1069 XOR
2 1 536 1069 1070 AND
2 1 1065 1070 1071 XOR
1 1 1071 1072 INV
2 1 1062 1072 1073 XOR
2 1 676 1073 1074 AND
2 1 1062 1074 1075 XOR
1 1 1075 1076 INV
2 1 640 1076 1077 AND
2 1 485 663 1078 XOR
2 1 1077 1078 1079 AND
2 1 485 1079 1080 XOR
2 1 1080 669 1081 AND
1 1 1081 1082 INV
2 1 35 3 1083 XOR
2 1 486 1083 1084 AND
2 1 35 1084 1085 XOR
2 1 1082 1085 1086 XOR
2 1 1055 1086 1087 XOR
2 1 1055 1085 1088 XOR
2 1 1086 1088 1089 AND
2 1 1085 1089 1090 XOR
2 1 532 608 1091 XOR
2 1 418 1091 1092 AND
2 1 532 1092 1093 XOR
2 1 557 511 1094 XOR
2 1 418 1094 1095 AND
2 1 557 1095 1096 XOR
2 1 1093 1096 1097 XOR
2 1 536 1097 1098 AND
2 1 1093 1098 1099 XOR
2 1 626 558 1100 AND
1 1 430 1101 INV
2 1 1100 1101 1102 AND
2 1 1099 1102 1103 XOR
2 1 442 1103 1104 AND
2 1 1099 1104 1105 XOR
2 1 1105 640 1106 AND
2 1 485 663 1107 XOR
2 1 1106 1107 1108 AND
2 1 485 1108 1109 XOR
2 1 1109 669 1110 AND
1 1 1110 1111 INV
2 1 36 4 1112 XOR
2 1 486 1112 1113 AND
2 1 36 1113 1114 XOR
2 1 1111 1114 1115 XOR
2 1 1090 1115 1116 XOR
2 1 1090 1114 1117 XOR
2 1 1115 1117 1118 AND
2 1 1114 1118 1119 XOR
2 1 981 1002 1120 XOR
2 1 418 1120 1121 AND
2 1 981 1121 1122 XOR
2 1 987 978 1123 XOR
2 1 418 1123 1124 AND
2 1 987 1124 1125 XOR
2 1 1122 1125 1126 XOR
2 1 536 1126 1127 AND
2 1 1122 1127 1128 XOR
1 1 418 1129 INV
2 1 999 1129 1130 AND
1 1 430 1131 INV
2 1 1130 1131 1132 AND
2 1 1128 1132 1133 XOR
2 1 442 1133 1134 AND
2 1 1128 1134 1135 XOR
2 1 1135 640 1136 AND
2 1 485 663 1137 XOR
2 1 1136 1137 1138 AND
2 1 485 1138 1139 XOR
2 1 1139 669 1140 AND
1 1 1140 1141 INV
2 1 37 5 1142 XOR
2 1 486 1142 1143 AND
2 1 37 1143 1144 XOR
2 1 1141 1144 1145 XOR
2 1 1119 1145 1146 XOR
2 1 1119 1144 1147 XOR
2 1 1145 1147 1148 AND
2 1 1144 1148 1149 XOR
2 1 536 874 1150 AND
1 1 1150 1151 INV
2 1 850 871 1152 XOR
2 1 430 1152 1153 AND
2 1 850 1153 1154 XOR
1 1 1154 1155 INV
2 1 1151 1155 1156 XOR
2 1 676 1156 1157 AND
2 1 1151 1157 1158 XOR
1 1 1158 1159 INV
2 1 640 1159 1160 AND
2 1 485 663 1161 XOR
2 1 1160 1161 1162 AND
2 1 485 1162 1163 XOR
2 1 1163 669 1164 AND
1 1 1164 1165 INV
2 1 38 6 1166 XOR
2 1 486 1166 1167 AND
2 1 38 1167 1168 XOR
2 1 1165 1168 1169 XOR
2 1 1149 1169 1170 XOR
2 1 1149 1168 1171 XOR
2 1 1169 1171 1172 AND
2 1 1168 1172 1173 XOR
2 1 952 908 1174 XOR
2 1 536 1174 1175 AND
2 1 952 1175 1176 XOR
2 1 958 536 1177 AND
2 1 1176 1177 1178 XOR
2 1 442 1178 1179 AND
2 1 1176 1179 1180 XOR
2 1 1180 640 1181 AND
2 1 485 663 1182 XOR
2 1 1181 1182 1183 AND
2 1 485 1183 1184 XOR
2 1 1184 669 1185 AND
1 1 1185 1186 INV
2 1 39 7 1187 XOR
2 1 486 1187 1188 AND
2 1 39 1188 1189 XOR
2 1 1186 1189 1190 XOR
2 1 1173 1190 1191 XOR
2 1 1173 1189 1192 XOR
2 1 1190 1192 1193 AND
2 1 1189 1193 1194 XOR
2 1 629 535 1195 XOR
2 1 536 1195 1196 AND
2 1 629 1196 1197 XOR
2 1 640 676 1198 AND
2 1 1197 1198 1199 AND
2 1 485 663 1200 XOR
2 1 1199 1200 1201 AND
2 1 485 1201 1202 XOR
2 1 1202 669 1203 AND
1 1 1203 1204 INV
2 1 40 8 1205 XOR
2 1 486 1205 1206 AND
2 1 40 1206 1207 XOR
2 1 1204 1207 1208 XOR
2 1 1194 1208 1209 XOR
2 1 1194 1207 1210 XOR
2 1 1208 1210 1211 AND
2 1 1207 1211 1212 XOR
2 1 1005 984 1213 XOR
2 1 536 1213 1214 AND
2 1 1005 1214 1215 XOR
2 1 1215 1198 1216 AND
2 1 485 663 1217 XOR
2 1 1216 1217 1218 AND
2 1 485 1218 1219 XOR
2 1 1219 669 1220 AND
1 1 1220 1221 INV
2 1 41 9 1222 XOR
2 1 486 1222 1223 AND
2 1 41 1223 1224 XOR
2 1 1221 1224 1225 XOR
2 1 1212 1225 1226 XOR
2 1 1212 1224 1227 XOR
2 1 1225 1227 1228 AND
2 1 1224 1228 1229 XOR
2 1 1036 1027 1230 XOR
2 1 536 1230 1231 AND
2 1 1036 1231 1232 XOR
2 1 1232 1198 1233 AND
2 1 485 663 1234 XOR
2 1 1233 1234 1235 AND
2 1 485 1235 1236 XOR
2 1 1236 669 1237 AND
1 1 1237 1238 INV
2 1 10 42 1239 XOR
2 1 387 1239 1240 AND
2 1 10 1240 1241 XOR
2 1 1238 1241 1242 XOR
2 1 1229 1242 1243 XOR
2 1 1229 1241 1244 XOR
2 1 1242 1244 1245 AND
2 1 1241 1245 1246 XOR
1 1 1065 1247 INV
2 1 1247 1059 1248 XOR
2 1 430 1248 1249 AND
2 1 1247 1249 1250 XOR
1 1 1250 1251 INV
2 1 1198 1251 1252 AND
2 1 485 663 1253 XOR
2 1 1252 1253 1254 AND
2 1 485 1254 1255 XOR
2 1 1255 669 1256 AND
1 1 1256 1257 INV
2 1 11 43 1258 XOR
2 1 387 1258 1259 AND
2 1 11 1259 1260 XOR
2 1 1257 1260 1261 XOR
2 1 1246 1261 1262 XOR
2 1 1246 1260 1263 XOR
2 1 1261 1263 1264 AND
2 1 1260 1264 1265 XOR
2 1 1093 1100 1266 XOR
2 1 430 1266 1267 AND
2 1 1093 1267 1268 XOR
2 1 1198 1268 1269 AND
2 1 485 663 1270 XOR
2 1 1269 1270 1271 AND
2 1 485 1271 1272 XOR
2 1 1272 669 1273 AND
1 1 1273 1274 INV
2 1 12 44 1275 XOR
2 1 387 1275 1276 AND
2 1 12 1276 1277 XOR
2 1 1274 1277 1278 XOR
2 1 1265 1278 1279 XOR
2 1 1265 1277 1280 XOR
2 1 1278 1280 1281 AND
2 1 1277 1281 1282 XOR
2 1 1130 1122 1283 XOR
2 1 536 1283 1284 AND
2 1 1130 1284 1285 XOR
2 1 1285 1198 1286 AND
2 1 485 663 1287 XOR
2 1 1286 1287 1288 AND
2 1 485 1288 1289 XOR
2 1 1289 669 1290 AND
1 1 1290 1291 INV
2 1 13 45 1292 XOR
2 1 387 1292 1293 AND
2 1 13 1293 1294 XOR
2 1 1291 1294 1295 XOR
2 1 1282 1295 1296 XOR
2 1 1282 1294 1297 XOR
2 1 1295 1297 1298 AND
2 1 1294 1298 1299 XOR
2 1 877 676 1300 AND
2 1 1300 640 1301 AND
2 1 485 663 1302 XOR
2 1 1301 1302 1303 AND
2 1 485 1303 1304 XOR
2 1 1304 669 1305 AND
1 1 1305 1306 INV
2 1 14 46 1307 XOR
2 1 387 1307 1308 AND
2 1 14 1308 1309 XOR
2 1 1306 1309 1310 XOR
2 1 1299 1310 1311 XOR
2 1 1299 1309 1312 XOR
2 1 1310 1312 1313 AND
2 1 1309 1313 1314 XOR
2 1 676 640 1315 AND
2 1 1315 961 1316 AND
2 1 485 663 1317 XOR
2 1 1316 1317 1318 AND
2 1 485 1318 1319 XOR
2 1 1319 669 1320 AND
1 1 1320 1321 INV
2 1 47 15 1322 XOR
2 1 486 1322 1323 AND
2 1 47 1323 1324 XOR
2 1 1321 1324 1325 XOR
2 1 1314 1325 1326 XOR
2 1 1314 1324 1327 XOR
2 1 1325 1327 1328 AND
2 1 1324 1328 1329 XOR
2 1 1198 631 1330 AND
2 1 485 663 1331 XOR
2 1 1330 1331 1332 AND
2 1 485 1332 1333 XOR
2 1 1333 669 1334 AND
1 1 1334 1335 INV
2 1 48 16 1336 XOR
2 1 486 1336 1337 AND
2 1 48 1337 1338 XOR
2 1 1335 1338 1339 XOR
2 1 1329 1339 1340 XOR
2 1 1329 1338 1341 XOR
2 1 1339 1341 1342 AND
2 1 1338 1342 1343 XOR
2 1 1198 1007 1344 AND
2 1 485 663 1345 XOR
2 1 1344 1345 1346 AND
2 1 485 1346 1347 XOR
2 1 1347 669 1348 AND
1 1 1348 1349 INV
2 1 49 17 1350 XOR
2 1 486 1350 1351 AND
2 1 49 1351 1352 XOR
2 1 1349 1352 1353 XOR
2 1 1343 1353 1354 XOR
2 1 1343 1352 1355 XOR
2 1 1353 1355 1356 AND
2 1 1352 1356 1357 XOR
2 1 1198 1038 1358 AND
2 1 485 663 1359 XOR
2 1 1358 1359 1360 AND
2 1 485 1360 1361 XOR
2 1 1361 669 1362 AND
1 1 1362 1363 INV
2 1 50 18 1364 XOR
2 1 486 1364 1365 AND
2 1 50 1365 1366 XOR
2 1 1363 1366 1367 XOR
2 1 1357 1367 1368 XOR
2 1 1357 1366 1369 XOR
2 1 1367 1369 1370 AND
2 1 1366 1370 1371 XOR
1 1 1062 1372 INV
2 1 1198 1372 1373 AND
2 1 485 663 1374 XOR
2 1 1373 1374 1375 AND
2 1 485 1375 1376 XOR
2 1 1376 669 1377 AND
1 1 1377 1378 INV
2 1 51 19 1379 XOR
2 1 486 1379 1380 AND
2 1 51 1380 1381 XOR
2 1 1378 1381 1382 XOR
2 1 1371 1382 1383 XOR
2 1 1371 1381 1384 XOR
2 1 1382 1384 1385 AND
2 1 1381 1385 1386 XOR
2 1 1198 1102 1387 AND
2 1 485 663 1388 XOR
2 1 1387 1388 1389 AND
2 1 485 1389 1390 XOR
2 1 1390 669 1391 AND
1 1 1391 1392 INV
2 1 52 20 1393 XOR
2 1 486 1393 1394 AND
2 1 52 1394 1395 XOR
2 1 1392 1395 1396 XOR
2 1 1386 1396 1397 XOR
2 1 1386 1395 1398 XOR
2 1 1396 1398 1399 AND
2 1 1395 1399 1400 XOR
2 1 1198 1132 1401 AND
2 1 485 663 1402 XOR
2 1 1401 1402 1403 AND
2 1 485 1403 1404 XOR
2 1 1404 669 1405 AND
1 1 1405 1406 INV
2 1 53 21 1407 XOR
2 1 486 1407 1408 AND
2 1 53 1408 1409 XOR
2 1 1406 1409 1410 XOR
2 1 1400 1410 1411 XOR
2 1 1400 1409 1412 XOR
2 1 1410 1412 1413 AND
2 1 1409 1413 1414 XOR
1 1 1151 1415 INV
2 1 1198 1415 1416 AND
2 1 485 663 1417 XOR
2 1 1416 1417 1418 AND
2 1 485 1418 1419 XOR
2 1 1419 669 1420 AND
1 1 1420 1421 INV
2 1 54 22 1422 XOR
2 1 486 1422 1423 AND
2 1 54 1423 1424 XOR
2 1 1421 1424 1425 XOR
2 1 1414 1425 1426 XOR
2 1 1414 1424 1427 XOR
2 1 1425 1427 1428 AND
2 1 1424 1428 1429 XOR
1 1 1296 1430 INV
1 1 1311 1431 INV
2 1 1430 1431 1432 AND
1 1 1326 1433 INV
1 1 1340 1434 INV
2 1 1433 1434 1435 AND
2 1 1432 1435 1436 AND
2 1 1279 1262 1437 XOR
2 1 1279 1262 1438 AND
2 1 1437 1438 1439 XOR
2 1 1226 1243 1440 XOR
2 1 1226 1243 1441 AND
2 1 1440 1441 1442 XOR
2 1 1439 1442 1443 XOR
2 1 1439 1442 1444 AND
2 1 1443 1444 1445 XOR
1 1 1445 1446 INV
2 1 1436 1446 1447 AND
1 1 1383 1448 INV
1 1 1397 1449 INV
2 1 1448 1449 1450 AND
2 1 1198 1177 1451 AND
2 1 485 663 1452 XOR
2 1 1451 1452 1453 AND
2 1 485 1453 1454 XOR
2 1 1454 669 1455 AND
1 1 1455 1456 INV
2 1 1456 1429 1457 XOR
1 1 1457 1458 INV
1 1 1458 1459 INV
2 1 1429 1456 1460 XOR
2 1 1429 1456 1461 AND
2 1 1460 1461 1462 XOR
2 1 660 1462 1463 XOR
1 1 1463 1464 INV
2 1 1459 1464 1465 AND
1 1 1465 1466 INV
1 1 1466 1467 INV
2 1 1450 1467 1468 AND
1 1 1368 1469 INV
1 1 1354 1470 INV
2 1 1469 1470 1471 AND
1 1 1471 1472 INV
1 1 1472 1473 INV
2 1 1468 1473 1474 AND
1 1 1411 1475 INV
1 1 1426 1476 INV
2 1 1475 1476 1477 AND
2 1 1474 1477 1478 AND
1 1 1478 1479 INV
1 1 1479 1480 INV
2 1 1447 1480 1481 AND
1 1 1481 1482 INV
2 1 1021 1052 1483 XOR
2 1 1021 1052 1484 AND
2 1 1483 1484 1485 XOR
1 1 1485 1486 INV
2 1 1087 1116 1487 XOR
2 1 1087 1116 1488 AND
2 1 1487 1488 1489 XOR
1 1 1489 1490 INV
2 1 1486 1490 1491 AND
2 1 1209 1191 1492 XOR
2 1 1209 1191 1493 AND
2 1 1492 1493 1494 XOR
1 1 1494 1495 INV
2 1 1146 1170 1496 XOR
2 1 1146 1170 1497 AND
2 1 1496 1497 1498 XOR
1 1 1498 1499 INV
2 1 1495 1499 1500 AND
1 1 1500 1501 INV
1 1 1501 1502 INV
2 1 1491 1502 1503 AND
1 1 1503 1504 INV
1 1 1445 1505 INV
2 1 1504 1505 1506 AND
2 1 1506 1436 1507 AND
1 1 1507 1508 INV
1 1 1479 1509 INV
2 1 1508 1509 1510 AND
1 1 1510 1511 INV
2 1 886 841 1512 XOR
1 1 1426 1513 INV
1 1 1397 1514 INV
1 1 1311 1515 INV
2 1 970 887 1516 XOR
1 1 1516 1517 INV
2 1 1512 1517 1518 AND
1 1 1518 1519 INV
1 1 972 1520 INV
2 1 1519 1520 1521 AND
1 1 1521 1522 INV
1 1 1021 1523 INV
2 1 1522 1523 1524 AND
1 1 1524 1525 INV
1 1 1052 1526 INV
2 1 1525 1526 1527 AND
1 1 1527 1528 INV
1 1 1087 1529 INV
2 1 1528 1529 1530 AND
1 1 1530 1531 INV
1 1 1116 1532 INV
2 1 1531 1532 1533 AND
1 1 1533 1534 INV
1 1 1146 1535 INV
2 1 1534 1535 1536 AND
1 1 1536 1537 INV
1 1 1170 1538 INV
2 1 1537 1538 1539 AND
1 1 1539 1540 INV
1 1 1191 1541 INV
2 1 1540 1541 1542 AND
1 1 1542 1543 INV
1 1 1209 1544 INV
2 1 1543 1544 1545 AND
1 1 1545 1546 INV
1 1 1226 1547 INV
2 1 1546 1547 1548 AND
1 1 1548 1549 INV
1 1 1243 1550 INV
2 1 1549 1550 1551 AND
1 1 1551 1552 INV
1 1 1262 1553 INV
2 1 1552 1553 1554 AND
1 1 1554 1555 INV
1 1 1279 1556 INV
2 1 1555 1556 1557 AND
1 1 1557 1558 INV
2 1 1430 1558 1559 AND
1 1 1559 1560 INV
2 1 1515 1560 1561 AND
1 1 1561 1562 INV
2 1 1433 1562 1563 AND
1 1 1563 1564 INV
2 1 1434 1564 1565 AND
1 1 1565 1566 INV
2 1 1470 1566 1567 AND
1 1 1567 1568 INV
2 1 1469 1568 1569 AND
1 1 1569 1570 INV
2 1 1448 1570 1571 AND
1 1 1571 1572 INV
2 1 1514 1572 1573 AND
1 1 1573 1574 INV
2 1 1475 1574 1575 AND
1 1 1575 1576 INV
2 1 1513 1576 1577 AND
1 1 1577 1578 INV
2 1 1459 1578 1579 AND
1 1 1579 1580 INV
1 1 1463 1581 INV
2 1 1580 1581 1582 AND
1 1 1582 1583 INV
1 1 1583 1584 INV
1 1 1584 1585 INV
2 1 1512 1585 1586 AND
2 1 1477 1466 1587 XOR
2 1 1477 1466 1588 AND
2 1 1587 1588 1589 XOR
2 1 972 1516 1590 XOR
2 1 972 1516 1591 AND
2 1 1590 1591 1592 XOR
2 1 1592 1486 1593 AND
1 1 1593 1594 INV
2 1 1594 1490 1595 AND
1 1 1595 1596 INV
2 1 1499 1596 1597 AND
1 1 1597 1598 INV
2 1 1495 1598 1599 AND
1 1 1599 1600 INV
1 1 1442 1601 INV
2 1 1600 1601 1602 AND
1 1 1602 1603 INV
1 1 1439 1604 INV
2 1 1603 1604 1605 AND
1 1 1605 1606 INV
2 1 1606 1432 1607 AND
1 1 1607 1608 INV
2 1 1608 1435 1609 AND
1 1 1609 1610 INV
1 1 1472 1611 INV
2 1 1610 1611 1612 AND
1 1 1612 1613 INV
2 1 1613 1468 1614 AND
1 1 1614 1615 INV
2 1 1589 1615 1616 AND
2 1 1586 1616 1617 AND
2 1 1491 1501 1618 XOR
2 1 1491 1501 1619 AND
2 1 1618 1619 1620 XOR
1 1 1445 1621 INV
2 1 1620 1621 1622 AND
1 1 1622 1623 INV
2 1 1623 1436 1624 AND
1 1 1624 1625 INV
2 1 1450 1625 1626 AND
1 1 1472 1627 INV
2 1 1626 1627 1628 AND
1 1 1628 1629 INV
1 1 1466 1630 INV
2 1 1629 1630 1631 AND
2 1 1477 1631 1632 AND
1 1 1632 1633 INV
2 1 972 1516 1634 XOR
2 1 1584 1634 1635 AND
2 1 972 1635 1636 XOR
2 1 1021 1052 1637 XOR
2 1 1583 1637 1638 AND
2 1 1021 1638 1639 XOR
2 1 1636 1639 1640 XOR
2 1 1616 1640 1641 AND
2 1 1636 1641 1642 XOR
2 1 1617 1642 1643 XOR
2 1 1633 1643 1644 AND
2 1 1617 1644 1645 XOR
2 1 1511 1645 1646 AND
1 1 1646 1647 INV
1 1 1647 1648 INV
2 1 1482 1648 1649 AND
1 1 1482 1650 INV
2 1 1512 1516 1651 XOR
2 1 1583 1651 1652 AND
2 1 1512 1652 1653 XOR
2 1 1021 972 1654 XOR
2 1 1584 1654 1655 AND
2 1 1021 1655 1656 XOR
2 1 1653 1656 1657 XOR
2 1 1616 1657 1658 AND
2 1 1653 1658 1659 XOR
2 1 1633 1659 1660 AND
1 1 1660 1661 INV
1 1 1661 1662 INV
2 1 1511 1662 1663 AND
1 1 1663 1664 INV
2 1 1650 1664 1665 XOR
2 1 1650 1664 1666 AND
2 1 1665 1666 1667 XOR
1 1 1667 1668 INV
2 1 1649 1668 1669 XOR
2 1 1649 1668 1670 AND
2 1 1052 1087 1671 XOR
2 1 1583 1671 1672 AND
2 1 1052 1672 1673 XOR
1 1 1616 1674 INV
2 1 1673 1656 1675 XOR
2 1 1674 1675 1676 AND
2 1 1673 1676 1677 XOR
1 1 1674 1678 INV
2 1 1653 1678 1679 AND
2 1 1677 1679 1680 XOR
2 1 1632 1680 1681 AND
2 1 1677 1681 1682 XOR
2 1 1511 1682 1683 AND
1 1 1683 1684 INV
1 1 1684 1685 INV
2 1 1482 1685 1686 AND
2 1 1686 1670 1687 XOR
2 1 1686 1670 1688 AND
2 1 1116 1087 1689 XOR
2 1 1584 1689 1690 AND
2 1 1116 1690 1691 XOR
2 1 1691 1639 1692 XOR
2 1 1674 1692 1693 AND
2 1 1691 1693 1694 XOR
2 1 1586 1636 1695 XOR
2 1 1616 1695 1696 AND
2 1 1586 1696 1697 XOR
2 1 1694 1697 1698 XOR
2 1 1632 1698 1699 AND
2 1 1694 1699 1700 XOR
2 1 1511 1700 1701 AND
1 1 1701 1702 INV
1 1 1702 1703 INV
2 1 1482 1703 1704 AND
2 1 1704 1688 1705 XOR
2 1 1704 1688 1706 AND
2 1 1116 1146 1707 XOR
2 1 1583 1707 1708 AND
2 1 1116 1708 1709 XOR
2 1 1673 1709 1710 XOR
2 1 1616 1710 1711 AND
2 1 1673 1711 1712 XOR
2 1 1712 1659 1713 XOR
2 1 1632 1713 1714 AND
2 1 1712 1714 1715 XOR
2 1 1511 1715 1716 AND
1 1 1716 1717 INV
1 1 1717 1718 INV
2 1 1482 1718 1719 AND
2 1 1719 1706 1720 XOR
2 1 1719 1706 1721 AND
2 1 1633 1617 1722 AND
1 1 1722 1723 INV
2 1 1146 1170 1724 XOR
2 1 1583 1724 1725 AND
2 1 1146 1725 1726 XOR
2 1 1726 1691 1727 XOR
2 1 1674 1727 1728 AND
2 1 1726 1728 1729 XOR
2 1 1642 1729 1730 XOR
2 1 1633 1730 1731 AND
2 1 1642 1731 1732 XOR
1 1 1732 1733 INV
2 1 1723 1733 1734 XOR
2 1 1511 1734 1735 AND
2 1 1723 1735 1736 XOR
2 1 1650 1736 1737 XOR
2 1 1650 1736 1738 AND
2 1 1737 1738 1739 XOR
1 1 1739 1740 INV
2 1 1740 1721 1741 XOR
2 1 1740 1721 1742 AND
2 1 1633 1679 1743 AND
1 1 1743 1744 INV
2 1 1170 1191 1745 XOR
2 1 1583 1745 1746 AND
2 1 1170 1746 1747 XOR
2 1 1747 1709 1748 XOR
2 1 1674 1748 1749 AND
2 1 1747 1749 1750 XOR
2 1 1677 1750 1751 XOR
2 1 1633 1751 1752 AND
2 1 1677 1752 1753 XOR
1 1 1753 1754 INV
2 1 1744 1754 1755 XOR
2 1 1511 1755 1756 AND
2 1 1744 1756 1757 XOR
2 1 1650 1757 1758 XOR
2 1 1650 1757 1759 AND
2 1 1758 1759 1760 XOR
1 1 1760 1761 INV
2 1 1761 1742 1762 XOR
2 1 1761 1742 1763 AND
2 1 1191 1209 1764 XOR
2 1 1583 1764 1765 AND
2 1 1191 1765 1766 XOR
2 1 1726 1766 1767 XOR
2 1 1616 1767 1768 AND
2 1 1726 1768 1769 XOR
2 1 1694 1769 1770 XOR
2 1 1633 1770 1771 AND
2 1 1694 1771 1772 XOR
2 1 1697 1633 1773 AND
2 1 1772 1773 1774 XOR
2 1 1510 1774 1775 AND
2 1 1772 1775 1776 XOR
2 1 1776 1482 1777 AND
2 1 1777 1763 1778 XOR
2 1 1777 1763 1779 AND
2 1 1226 1209 1780 XOR
2 1 1584 1780 1781 AND
2 1 1226 1781 1782 XOR
2 1 1782 1747 1783 XOR
2 1 1674 1783 1784 AND
2 1 1782 1784 1785 XOR
2 1 1712 1785 1786 XOR
2 1 1633 1786 1787 AND
2 1 1712 1787 1788 XOR
1 1 1788 1789 INV
2 1 1661 1789 1790 XOR
2 1 1511 1790 1791 AND
2 1 1661 1791 1792 XOR
1 1 1792 1793 INV
2 1 1793 1779 1794 XOR
2 1 1793 1779 1795 AND
2 1 1226 1243 1796 XOR
2 1 1583 1796 1797 AND
2 1 1226 1797 1798 XOR
2 1 1766 1798 1799 XOR
2 1 1616 1799 1800 AND
2 1 1766 1800 1801 XOR
2 1 1729 1801 1802 XOR
2 1 1633 1802 1803 AND
2 1 1729 1803 1804 XOR
2 1 1804 1645 1805 XOR
2 1 1510 1805 1806 AND
2 1 1804 1806 1807 XOR
2 1 1807 1795 1808 XOR
2 1 1807 1795 1809 AND
2 1 1243 1262 1810 XOR
2 1 1583 1810 1811 AND
2 1 1243 1811 1812 XOR
2 1 1812 1782 1813 XOR
2 1 1674 1813 1814 AND
2 1 1812 1814 1815 XOR
2 1 1815 1750 1816 XOR
2 1 1632 1816 1817 AND
2 1 1815 1817 1818 XOR
2 1 1682 1818 1819 XOR
2 1 1511 1819 1820 AND
2 1 1682 1820 1821 XOR
2 1 1821 1809 1822 XOR
2 1 1821 1809 1823 AND
2 1 1262 1279 1824 XOR
2 1 1583 1824 1825 AND
2 1 1262 1825 1826 XOR
2 1 1826 1798 1827 XOR
2 1 1674 1827 1828 AND
2 1 1826 1828 1829 XOR
2 1 1769 1829 1830 XOR
2 1 1633 1830 1831 AND
2 1 1769 1831 1832 XOR
2 1 1700 1832 1833 XOR
2 1 1511 1833 1834 AND
2 1 1700 1834 1835 XOR
2 1 1835 1823 1836 XOR
2 1 1835 1823 1837 AND
2 1 1279 1296 1838 XOR
2 1 1583 1838 1839 AND
2 1 1279 1839 1840 XOR
2 1 1840 1812 1841 XOR
2 1 1674 1841 1842 AND
2 1 1840 1842 1843 XOR
2 1 1843 1785 1844 XOR
2 1 1632 1844 1845 AND
2 1 1843 1845 1846 XOR
2 1 1715 1846 1847 XOR
2 1 1511 1847 1848 AND
2 1 1715 1848 1849 XOR
2 1 1849 1837 1850 XOR
2 1 1849 1837 1851 AND
1 1 1801 1852 INV
2 1 1430 1515 1853 XOR
2 1 1583 1853 1854 AND
2 1 1430 1854 1855 XOR
1 1 1826 1856 INV
2 1 1855 1856 1857 XOR
2 1 1674 1857 1858 AND
2 1 1855 1858 1859 XOR
2 1 1852 1859 1860 XOR
2 1 1633 1860 1861 AND
2 1 1852 1861 1862 XOR
2 1 1862 1733 1863 XOR
2 1 1510 1863 1864 AND
2 1 1862 1864 1865 XOR
2 1 1510 1723 1866 XOR
2 1 1510 1723 1867 AND
2 1 1866 1867 1868 XOR
1 1 1868 1869 INV
2 1 1650 1869 1870 AND
1 1 1870 1871 INV
2 1 1865 1871 1872 AND
1 1 1872 1873 INV
2 1 1873 1851 1874 XOR
2 1 1873 1851 1875 AND
2 1 1510 1744 1876 XOR
2 1 1510 1744 1877 AND
2 1 1876 1877 1878 XOR
1 1 1878 1879 INV
2 1 1650 1879 1880 AND
1 1 1880 1881 INV
2 1 1311 1326 1882 XOR
2 1 1583 1882 1883 AND
2 1 1311 1883 1884 XOR
2 1 1884 1840 1885 XOR
2 1 1674 1885 1886 AND
2 1 1884 1886 1887 XOR
2 1 1815 1887 1888 XOR
2 1 1633 1888 1889 AND
2 1 1815 1889 1890 XOR
2 1 1890 1753 1891 XOR
2 1 1510 1891 1892 AND
2 1 1890 1892 1893 XOR
1 1 1893 1894 INV
2 1 1881 1894 1895 AND
1 1 1895 1896 INV
2 1 1896 1875 1897 XOR
2 1 1896 1875 1898 AND
1 1 1829 1899 INV
2 1 1434 1433 1900 XOR
2 1 1584 1900 1901 AND
2 1 1434 1901 1902 XOR
2 1 1902 1855 1903 XOR
2 1 1674 1903 1904 AND
2 1 1902 1904 1905 XOR
2 1 1899 1905 1906 XOR
2 1 1633 1906 1907 AND
2 1 1899 1907 1908 XOR
1 1 1772 1909 INV
2 1 1908 1909 1910 XOR
2 1 1510 1910 1911 AND
2 1 1908 1911 1912 XOR
1 1 1510 1913 INV
2 1 1773 1913 1914 AND
1 1 1914 1915 INV
1 1 1915 1916 INV
2 1 1650 1916 1917 AND
1 1 1917 1918 INV
2 1 1912 1918 1919 AND
1 1 1919 1920 INV
2 1 1920 1898 1921 XOR
2 1 1920 1898 1922 AND
1 1 1664 1923 INV
2 1 1650 1923 1924 AND
1 1 1924 1925 INV
1 1 1789 1926 INV
2 1 1510 1926 1927 AND
1 1 1927 1928 INV
2 1 1925 1928 1929 AND
2 1 1470 1434 1930 XOR
2 1 1584 1930 1931 AND
2 1 1470 1931 1932 XOR
1 1 1932 1933 INV
2 1 1884 1933 1934 XOR
2 1 1616 1934 1935 AND
2 1 1884 1935 1936 XOR
2 1 1843 1936 1937 XOR
2 1 1633 1937 1938 AND
2 1 1843 1938 1939 XOR
1 1 1939 1940 INV
2 1 1929 1940 1941 AND
1 1 1941 1942 INV
2 1 1942 1922 1943 XOR
2 1 1942 1922 1944 AND
1 1 1647 1945 INV
2 1 1650 1945 1946 AND
1 1 1946 1947 INV
1 1 1511 1948 INV
2 1 1804 1948 1949 AND
1 1 1949 1950 INV
2 1 1947 1950 1951 AND
2 1 1469 1470 1952 XOR
2 1 1584 1952 1953 AND
2 1 1469 1953 1954 XOR
2 1 1954 1902 1955 XOR
2 1 1674 1955 1956 AND
2 1 1954 1956 1957 XOR
2 1 1957 1859 1958 XOR
2 1 1632 1958 1959 AND
2 1 1957 1959 1960 XOR
2 1 1951 1960 1961 AND
1 1 1961 1962 INV
2 1 1962 1944 1963 XOR
2 1 1962 1944 1964 AND
1 1 1684 1965 INV
2 1 1650 1965 1966 AND
1 1 1966 1967 INV
2 1 1510 1818 1968 AND
1 1 1968 1969 INV
2 1 1967 1969 1970 AND
2 1 1448 1469 1971 XOR
2 1 1584 1971 1972 AND
2 1 1448 1972 1973 XOR
2 1 1973 1932 1974 XOR
2 1 1674 1974 1975 AND
2 1 1973 1975 1976 XOR
1 1 1976 1977 INV
2 1 1887 1977 1978 XOR
2 1 1633 1978 1979 AND
2 1 1887 1979 1980 XOR
1 1 1980 1981 INV
2 1 1970 1981 1982 AND
1 1 1982 1983 INV
2 1 1983 1964 1984 XOR
2 1 1983 1964 1985 AND
1 1 1702 1986 INV
2 1 1650 1986 1987 AND
1 1 1987 1988 INV
2 1 1510 1832 1989 AND
1 1 1989 1990 INV
2 1 1988 1990 1991 AND
2 1 1448 1514 1992 XOR
2 1 1583 1992 1993 AND
2 1 1448 1993 1994 XOR
2 1 1994 1954 1995 XOR
2 1 1674 1995 1996 AND
2 1 1994 1996 1997 XOR
2 1 1997 1905 1998 XOR
2 1 1632 1998 1999 AND
2 1 1997 1999 2000 XOR
2 1 1991 2000 2001 AND
1 1 2001 2002 INV
2 1 2002 1985 2003 XOR
2 1 2002 1985 2004 AND
2 1 1514 1475 2005 XOR
2 1 1583 2005 2006 AND
2 1 1514 2006 2007 XOR
2 1 1973 2007 2008 XOR
2 1 1616 2008 2009 AND
2 1 1973 2009 2010 XOR
1 1 1717 2011 INV
2 1 1650 2011 2012 AND
1 1 2012 2013 INV
2 1 2010 2013 2014 AND
2 1 1510 1846 2015 AND
1 1 2015 2016 INV
2 1 1632 1936 2017 AND
1 1 2017 2018 INV
2 1 2016 2018 2019 AND
2 1 2014 2019 2020 AND
1 1 2020 2021 INV
2 1 2021 2004 2022 XOR
2 1 2021 2004 2023 AND
2 1 1475 1513 2024 XOR
2 1 1583 2024 2025 AND
2 1 1475 2025 2026 XOR
2 1 1994 2026 2027 XOR
2 1 1616 2027 2028 AND
2 1 1994 2028 2029 XOR
1 1 1736 2030 INV
2 1 1650 2030 2031 AND
1 1 2031 2032 INV
2 1 2029 2032 2033 AND
2 1 1862 1511 2034 XOR
2 1 1862 1511 2035 AND
2 1 2034 2035 2036 XOR
2 1 1957 1633 2037 XOR
2 1 1957 1633 2038 AND
2 1 2037 2038 2039 XOR
2 1 2036 2039 2040 AND
2 1 2033 2040 2041 AND
1 1 2041 2042 INV
2 1 2042 2023 2043 XOR
2 1 2042 2023 2044 AND
2 1 1397 1411 2045 AND
2 1 2045 1426 2046 AND
2 1 1368 1354 2047 AND
2 1 2047 1383 2048 AND
2 1 2046 2048 2049 AND
2 1 1311 1326 2050 AND
2 1 2050 1340 2051 AND
2 1 1279 1262 2052 AND
2 1 2052 1296 2053 AND
2 1 2051 2053 2054 AND
2 1 2049 2054 2055 AND
2 1 1170 1146 2056 AND
2 1 1879 1869 2057 XOR
2 1 1879 1869 2058 AND
2 1 2057 2058 2059 XOR
1 1 2059 2060 INV
2 1 840 660 2061 XOR
2 1 1668 2061 2062 XOR
2 1 1668 2061 2063 AND
2 1 2062 2063 2064 XOR
1 1 2064 2065 INV
2 1 2060 2065 2066 AND
1 1 2066 2067 INV
2 1 2067 1482 2068 AND
1 1 1915 2069 INV
2 1 2068 2069 2070 AND
1 1 2070 2071 INV
1 1 2071 2072 INV
2 1 2056 2072 2073 AND
2 1 1116 1243 2074 AND
2 1 1087 2074 2075 AND
2 1 2073 2075 2076 AND
2 1 1191 1209 2077 AND
2 1 1226 2077 2078 AND
2 1 1052 972 2079 AND
2 1 2079 1021 2080 AND
2 1 2078 2080 2081 AND
2 1 2076 2081 2082 AND
2 1 2055 2082 2083 AND
2 1 1458 2083 2084 AND
1 1 2084 2085 INV
1 1 1463 2086 INV
2 1 2085 2086 2087 AND
1 1 2087 2088 INV
2 1 655 2088 2089 AND
1 1 2089 2090 INV
1 1 2071 2091 INV
2 1 2090 2091 2092 AND
1 1 2092 2093 INV
2 1 2090 2093 2094 AND
1 1 394 2095 INV
2 1 398 2095 2096 AND
2 1 2092 1808 2097 AND
1 1 2097 2098 INV
2 1 1584 399 2099 AND
2 1 2099 1674 2100 XOR
2 1 2099 1674 2101 AND
2 1 2100 2101 2102 XOR
2 1 399 394 2103 XOR
1 1 2103 2104 INV
1 1 2104 2105 INV
2 1 1616 2105 2106 AND
1 1 2106 2107 INV
2 1 2102 2107 2108 AND
2 1 2099 2104 2109 XOR
2 1 2099 2104 2110 AND
2 1 2109 2110 2111 XOR
2 1 2108 2111 2112 AND
2 1 2112 1632 2113 XOR
1 1 2113 2114 INV
2 1 394 399 2115 AND
1 1 2115 2116 INV
2 1 415 2116 2117 XOR
2 1 2114 2117 2118 XOR
2 1 2099 1616 2119 XOR
1 1 2119 2120 INV
2 1 2120 2104 2121 XOR
2 1 2118 2121 2122 AND
1 1 2112 2123 INV
2 1 1633 2123 2124 AND
1 1 2124 2125 INV
2 1 1633 2117 2126 AND
1 1 2126 2127 INV
2 1 2125 2127 2128 AND
1 1 2112 2129 INV
2 1 2117 2129 2130 AND
1 1 2130 2131 INV
2 1 2128 2131 2132 AND
2 1 2132 1510 2133 XOR
1 1 2133 2134 INV
1 1 2116 2135 INV
2 1 416 2135 2136 AND
1 1 2136 2137 INV
2 1 427 2137 2138 XOR
2 1 2134 2138 2139 XOR
1 1 2132 2140 INV
2 1 1511 2140 2141 AND
1 1 2141 2142 INV
2 1 1511 2138 2143 AND
1 1 2143 2144 INV
2 1 2142 2144 2145 AND
1 1 2132 2146 INV
2 1 2138 2146 2147 AND
1 1 2147 2148 INV
2 1 2145 2148 2149 AND
2 1 2149 1650 2150 XOR
1 1 2150 2151 INV
1 1 2137 2152 INV
2 1 428 2152 2153 AND
1 1 2153 2154 INV
2 1 439 2154 2155 XOR
2 1 2151 2155 2156 XOR
2 1 2139 2156 2157 AND
2 1 2122 2157 2158 AND
1 1 2154 2159 INV
2 1 440 2159 2160 AND
1 1 2160 2161 INV
1 1 2161 2162 INV
2 1 452 2162 2163 AND
1 1 2163 2164 INV
1 1 2164 2165 INV
2 1 464 2165 2166 AND
2 1 475 2166 2167 XOR
1 1 2167 2168 INV
1 1 2149 2169 INV
2 1 1482 2169 2170 AND
1 1 2170 2171 INV
2 1 1482 2155 2172 AND
1 1 2172 2173 INV
2 1 2171 2173 2174 AND
1 1 2149 2175 INV
2 1 2155 2175 2176 AND
1 1 2176 2177 INV
2 1 2174 2177 2178 AND
2 1 451 2161 2179 XOR
1 1 2179 2180 INV
2 1 2178 2180 2181 AND
2 1 464 2164 2182 XOR
2 1 2181 2182 2183 AND
2 1 2168 2183 2184 XOR
2 1 2179 2178 2185 XOR
1 1 2185 2186 INV
2 1 2184 2186 2187 AND
2 1 399 1583 2188 XOR
1 1 2188 2189 INV
2 1 2182 2181 2190 XOR
2 1 2189 2190 2191 AND
2 1 2187 2191 2192 AND
2 1 2158 2192 2193 AND
1 1 2193 2194 INV
1 1 475 2195 INV
2 1 2168 2195 2196 AND
2 1 2196 2183 2197 AND
1 1 2197 2198 INV
2 1 2194 2198 2199 AND
2 1 658 2199 2200 AND
1 1 475 2201 INV
2 1 463 2201 2202 AND
2 1 2096 2202 2203 AND
2 1 451 439 2204 AND
2 1 427 415 2205 AND
2 1 2204 2205 2206 AND
2 1 2203 2206 2207 AND
1 1 2207 2208 INV
2 1 2208 2094 2209 AND
2 1 2200 2209 2210 AND
2 1 2210 1807 2211 AND
1 1 2211 2212 INV
2 1 2098 2212 2213 AND
1 1 2213 2214 INV
2 1 2092 1794 2215 AND
1 1 2215 2216 INV
2 1 1793 2210 2217 AND
1 1 2217 2218 INV
2 1 2216 2218 2219 AND
1 1 2219 2220 INV
2 1 2092 1778 2221 AND
1 1 2221 2222 INV
2 1 2210 1777 2223 AND
1 1 2223 2224 INV
2 1 2222 2224 2225 AND
1 1 2225 2226 INV
2 1 2092 1762 2227 AND
1 1 2227 2228 INV
2 1 2210 1761 2229 AND
1 1 2229 2230 INV
2 1 2228 2230 2231 AND
1 1 2231 2232 INV
2 1 2092 1741 2233 AND
1 1 2233 2234 INV
2 1 2210 1740 2235 AND
1 1 2235 2236 INV
2 1 2234 2236 2237 AND
1 1 2237 2238 INV
2 1 2092 1720 2239 AND
1 1 2239 2240 INV
2 1 2210 1719 2241 AND
1 1 2241 2242 INV
2 1 2240 2242 2243 AND
1 1 2243 2244 INV
2 1 2092 1705 2245 AND
1 1 2245 2246 INV
2 1 2210 1704 2247 AND
1 1 2247 2248 INV
2 1 2246 2248 2249 AND
1 1 2249 2250 INV
2 1 473 460 2251 XOR
2 1 473 460 2252 AND
2 1 2251 2252 2253 XOR
1 1 2253 2254 INV
2 1 436 448 2255 XOR
2 1 436 448 2256 AND
2 1 2255 2256 2257 XOR
1 1 2257 2258 INV
2 1 2254 2258 2259 AND
2 1 412 424 2260 XOR
2 1 412 424 2261 AND
2 1 2260 2261 2262 XOR
1 1 2262 2263 INV
2 1 391 402 2264 XOR
2 1 391 402 2265 AND
2 1 2264 2265 2266 XOR
1 1 2266 2267 INV
2 1 2263 2267 2268 AND
2 1 2259 2268 2269 AND
1 1 2269 2270 INV
2 1 2270 2208 2271 AND
1 1 2271 2272 INV
2 1 660 2272 2273 AND
1 1 2273 2274 INV
2 1 1510 1650 2275 AND
2 1 1674 1584 2276 AND
2 1 2275 2276 2277 AND
1 1 2277 2278 INV
2 1 2274 2278 2279 AND
2 1 480 2279 2280 AND
2 1 1516 2083 2281 AND
1 1 2281 2282 INV
1 1 485 2283 INV
2 1 2282 2283 2284 AND
2 1 2284 2088 2285 XOR
2 1 2284 2088 2286 AND
2 1 2285 2286 2287 XOR
1 1 2287 2288 INV
2 1 475 2288 2289 AND
1 1 2289 2290 INV
1 1 2168 2291 INV
2 1 2088 2291 2292 AND
1 1 2292 2293 INV
2 1 2290 2293 2294 AND
1 1 2199 2295 INV
2 1 2208 2295 2296 AND
1 1 2296 2297 INV
1 1 2277 2298 INV
2 1 2297 2298 2299 AND
2 1 2299 2284 2300 AND
1 1 2184 2301 INV
2 1 2300 2301 2302 AND
1 1 2302 2303 INV
2 1 2294 2303 2304 AND
1 1 2304 2305 INV
2 1 2092 1687 2306 AND
1 1 2306 2307 INV
2 1 2210 1686 2308 AND
1 1 2308 2309 INV
2 1 2307 2309 2310 AND
1 1 2310 2311 INV
2 1 464 2288 2312 AND
1 1 2312 2313 INV
1 1 2182 2314 INV
2 1 2088 2314 2315 AND
1 1 2315 2316 INV
2 1 2313 2316 2317 AND
1 1 2190 2318 INV
2 1 2300 2318 2319 AND
1 1 2319 2320 INV
2 1 2317 2320 2321 AND
1 1 2321 2322 INV
2 1 452 2288 2323 AND
1 1 2323 2324 INV
2 1 2088 2179 2325 AND
1 1 2325 2326 INV
2 1 2324 2326 2327 AND
2 1 2185 2300 2328 AND
1 1 2328 2329 INV
2 1 2327 2329 2330 AND
1 1 2330 2331 INV
2 1 440 2288 2332 AND
1 1 2332 2333 INV
2 1 2155 2088 2334 AND
1 1 2334 2335 INV
2 1 2333 2335 2336 AND
1 1 2156 2337 INV
2 1 2300 2337 2338 AND
1 1 2338 2339 INV
2 1 2336 2339 2340 AND
1 1 2340 2341 INV
2 1 428 2288 2342 AND
1 1 2342 2343 INV
2 1 2138 2088 2344 AND
1 1 2344 2345 INV
2 1 2343 2345 2346 AND
1 1 2139 2347 INV
2 1 2300 2347 2348 AND
1 1 2348 2349 INV
2 1 2346 2349 2350 AND
1 1 2350 2351 INV
2 1 416 2288 2352 AND
1 1 2352 2353 INV
2 1 2117 2088 2354 AND
1 1 2354 2355 INV
2 1 2353 2355 2356 AND
1 1 2118 2357 INV
2 1 2300 2357 2358 AND
1 1 2358 2359 INV
2 1 2356 2359 2360 AND
1 1 2360 2361 INV
2 1 394 2288 2362 AND
1 1 2362 2363 INV
2 1 2105 2088 2364 AND
1 1 2364 2365 INV
2 1 2363 2365 2366 AND
1 1 2121 2367 INV
2 1 2300 2367 2368 AND
1 1 2368 2369 INV
2 1 2366 2369 2370 AND
1 1 2370 2371 INV
1 1 2189 2372 INV
2 1 2300 2372 2373 AND
1 1 2373 2374 INV
2 1 2288 2088 2375 XOR
2 1 398 2375 2376 AND
2 1 2288 2376 2377 XOR
1 1 2377 2378 INV
2 1 2374 2378 2379 AND
1 1 2379 2380 INV
2 1 1459 1513 2381 XOR
2 1 1584 2381 2382 AND
2 1 1459 2382 2383 XOR
1 1 1757 2384 INV
2 1 1650 2384 2385 AND
1 1 2385 2386 INV
2 1 2383 2386 2387 AND
2 1 1977 1632 2388 AND
1 1 2388 2389 INV
2 1 2007 1616 2390 XOR
2 1 2007 1616 2391 AND
2 1 2390 2391 2392 XOR
2 1 2389 2392 2393 AND
2 1 1510 1890 2394 AND
1 1 2394 2395 INV
2 1 2393 2395 2396 AND
2 1 2387 2396 2397 AND
1 1 2397 2398 INV
2 1 2398 2044 2399 XOR
2 1 2092 2399 2400 AND
1 1 2400 2401 INV
2 1 2398 2210 2402 AND
1 1 2402 2403 INV
2 1 2401 2403 2404 AND
1 1 2404 2405 INV
2 1 2092 2043 2406 AND
1 1 2406 2407 INV
2 1 2210 2042 2408 AND
1 1 2408 2409 INV
2 1 2407 2409 2410 AND
1 1 2410 2411 INV
2 1 2092 2022 2412 AND
1 1 2412 2413 INV
2 1 2210 2021 2414 AND
1 1 2414 2415 INV
2 1 2413 2415 2416 AND
1 1 2416 2417 INV
2 1 2092 1669 2418 AND
1 1 2418 2419 INV
2 1 2210 1649 2420 AND
1 1 2420 2421 INV
2 1 2419 2421 2422 AND
1 1 2422 2423 INV
2 1 2092 2003 2424 AND
1 1 2424 2425 INV
2 1 2210 2002 2426 AND
1 1 2426 2427 INV
2 1 2425 2427 2428 AND
1 1 2428 2429 INV
2 1 2092 1984 2430 AND
1 1 2430 2431 INV
2 1 2210 1983 2432 AND
1 1 2432 2433 INV
2 1 2431 2433 2434 AND
1 1 2434 2435 INV
2 1 2092 1963 2436 AND
1 1 2436 2437 INV
2 1 2210 1962 2438 AND
1 1 2438 2439 INV
2 1 2437 2439 2440 AND
1 1 2440 2441 INV
2 1 2092 1943 2442 AND
1 1 2442 2443 INV
2 1 2210 1942 2444 AND
1 1 2444 2445 INV
2 1 2443 2445 2446 AND
1 1 2446 2447 INV
2 1 2092 1921 2448 AND
1 1 2448 2449 INV
2 1 2210 1920 2450 AND
1 1 2450 2451 INV
2 1 2449 2451 2452 AND
1 1 2452 2453 INV
2 1 2092 1897 2454 AND
1 1 2454 2455 INV
2 1 2210 1896 2456 AND
1 1 2456 2457 INV
2 1 2455 2457 2458 AND
1 1 2458 2459 INV
2 1 2092 1874 2460 AND
1 1 2460 2461 INV
2 1 2210 1873 2462 AND
1 1 2462 2463 INV
2 1 2461 2463 2464 AND
1 1 2464 2465 INV
2 1 2092 1850 2466 AND
1 1 2466 2467 INV
2 1 2210 1849 2468 AND
1 1 2468 2469 INV
2 1 2467 2469 2470 AND
1 1 2470 2471 INV
2 1 2092 1836 2472 AND
1 1 2472 2473 INV
2 1 2210 1835 2474 AND
1 1 2474 2475 INV
2 1 2473 2475 2476 AND
1 1 2476 2477 INV
2 1 2092 1822 2478 AND
1 1 2478 2479 INV
2 1 2210 1821 2480 AND
1 1 2480 2481 INV
2 1 2479 2481 2482 AND
1 1 2482 2483 INV
2 1 2092 2210 2484 XOR
2 1 1668 2484 2485 AND
2 1 2092 2485 2486 XOR
2 1 0 0 2487 XOR
2 1 2487 2486 2488 XOR
2 1 2487 2423 2489 XOR
2 1 2487 2311 2490 XOR
2 1 2487 2250 2491 XOR
2 1 2487 2244 2492 XOR
2 1 2487 2238 2493 XOR
2 1 2487 2232 2494 XOR
2 1 2487 2226 2495 XOR
2 1 2487 2220 2496 XOR
2 1 2487 2214 2497 XOR
2 1 2487 2483 2498 XOR
2 1 2487 2477 2499 XOR
2 1 2487 2471 2500 XOR
2 1 2487 2465 2501 XOR
2 1 2487 2459 2502 XOR
2 1 2487 2453 2503 XOR
2 1 2487 2447 2504 XOR
2 1 2487 2441 2505 XOR
2 1 2487 2435 2506 XOR
2 1 2487 2429 2507 XOR
2 1 2487 2417 2508 XOR
2 1 2487 2411 2509 XOR
2 1 2487 2405 2510 XOR
2 1 2487 2380 2511 XOR
2 1 2487 2371 2512 XOR
2 1 2487 2361 2513 XOR
2 1 2487 2351 2514 XOR
2 1 2487 2341 2515 XOR
2 1 2487 2331 2516 XOR
2 1 2487 2322 2517 XOR
2 1 2487 2305 2518 XOR
2 1 2487 2280 2519 XOR
2 1 0 0 2520 XOR
2 1 2520 2519 2521 XOR
2 1 2520 2518 2522 XOR
2 1 2520 2517 2523 XOR
2 1 2520 2516 2524 XOR
2 1 2520 2515 2525 XOR
2 1 2520 2514 2526 XOR
2 1 2520 2513 2527 XOR
2 1 2520 2512 2528 XOR
2 1 2520 2511 2529 XOR
2 1 2520 2510 2530 XOR
2 1 2520 2509 2531 XOR
2 1 2520 2508 2532 XOR
2 1 2520 2507 2533 XOR
2 1 2520 2506 2534 XOR
2 1 2520 2505 2535 XOR
2 1 2520 2504 2536 XOR
2 1 2520 2503 2537 XOR
2 1 2520 2502 2538 XOR
2 1 2520 2501 2539 XOR
2 1 2520 2500 2540 XOR
2 1 2520 2499 2541 XOR
2 1 2520 2498 2542 XOR
2 1 2520 2497 2543 XOR
2 1 2520 2496 2544 XOR
2 1 2520 2495 2545 XOR
2 1 2520 2494 2546 XOR
2 1 2520 2493 2547 XOR
2 1 2520 2492 2548 XOR
2 1 2520 2491 2549 XOR
2 1 2520 2490 2550 XOR
2 1 2520 2489 2551 XOR
2 1 2520 2488 2552 XOR
