91 123
16 16 16
                                                                                                                                                                                        
2 1 0 16 32 XOR
2 1 0 16 33 AND
2 1 1 33 34 XOR
2 1 17 33 35 XOR
2 1 1 35 36 XOR
2 1 34 35 37 AND
2 1 33 37 38 XOR
2 1 2 38 39 XOR
2 1 18 38 40 XOR
2 1 2 40 41 XOR
2 1 39 40 42 AND
2 1 38 42 43 XOR
2 1 3 43 44 XOR
2 1 19 43 45 XOR
2 1 3 45 46 XOR
2 1 44 45 47 AND
2 1 43 47 48 XOR
2 1 4 48 49 XOR
2 1 20 48 50 XOR
2 1 4 50 51 XOR
2 1 49 50 52 AND
2 1 48 52 53 XOR
2 1 5 53 54 XOR
2 1 21 53 55 XOR
2 1 5 55 56 XOR
2 1 54 55 57 AND
2 1 53 57 58 XOR
2 1 6 58 59 XOR
2 1 22 58 60 XOR
2 1 6 60 61 XOR
2 1 59 60 62 AND
2 1 58 62 63 XOR
2 1 7 63 64 XOR
2 1 23 63 65 XOR
2 1 7 65 66 XOR
2 1 64 65 67 AND
2 1 63 67 68 XOR
2 1 8 68 69 XOR
2 1 24 68 70 XOR
2 1 8 70 71 XOR
2 1 69 70 72 AND
2 1 68 72 73 XOR
2 1 9 73 74 XOR
2 1 25 73 75 XOR
2 1 9 75 76 XOR
2 1 74 75 77 AND
2 1 73 77 78 XOR
2 1 10 78 79 XOR
2 1 26 78 80 XOR
2 1 10 80 81 XOR
2 1 79 80 82 AND
2 1 78 82 83 XOR
2 1 11 83 84 XOR
2 1 27 83 85 XOR
2 1 11 85 86 XOR
2 1 84 85 87 AND
2 1 83 87 88 XOR
2 1 12 88 89 XOR
2 1 28 88 90 XOR
2 1 12 90 91 XOR
2 1 89 90 92 AND
2 1 88 92 93 XOR
2 1 13 93 94 XOR
2 1 29 93 95 XOR
2 1 13 95 96 XOR
2 1 94 95 97 AND
2 1 93 97 98 XOR
2 1 14 98 99 XOR
2 1 30 98 100 XOR
2 1 14 100 101 XOR
2 1 99 100 102 AND
2 1 98 102 103 XOR
2 1 103 31 104 XOR
2 1 104 15 105 XOR
2 1 0 0 106 XOR
2 1 106 32 107 XOR
2 1 106 36 108 XOR
2 1 106 41 109 XOR
2 1 106 46 110 XOR
2 1 106 51 111 XOR
2 1 106 56 112 XOR
2 1 106 61 113 XOR
2 1 106 66 114 XOR
2 1 106 71 115 XOR
2 1 106 76 116 XOR
2 1 106 81 117 XOR
2 1 106 86 118 XOR
2 1 106 91 119 XOR
2 1 106 96 120 XOR
2 1 106 101 121 XOR
2 1 106 105 122 XOR
