379 507
64 64 64
                                                                                                                                                                                       
2 1 0 64 128 XOR
2 1 0 64 129 AND
2 1 1 129 130 XOR
2 1 65 129 131 XOR
2 1 1 131 132 XOR
2 1 130 131 133 AND
2 1 129 133 134 XOR
2 1 2 134 135 XOR
2 1 66 134 136 XOR
2 1 2 136 137 XOR
2 1 135 136 138 AND
2 1 134 138 139 XOR
2 1 3 139 140 XOR
2 1 67 139 141 XOR
2 1 3 141 142 XOR
2 1 140 141 143 AND
2 1 139 143 144 XOR
2 1 4 144 145 XOR
2 1 68 144 146 XOR
2 1 4 146 147 XOR
2 1 145 146 148 AND
2 1 144 148 149 XOR
2 1 5 149 150 XOR
2 1 69 149 151 XOR
2 1 5 151 152 XOR
2 1 150 151 153 AND
2 1 149 153 154 XOR
2 1 6 154 155 XOR
2 1 70 154 156 XOR
2 1 6 156 157 XOR
2 1 155 156 158 AND
2 1 154 158 159 XOR
2 1 7 159 160 XOR
2 1 71 159 161 XOR
2 1 7 161 162 XOR
2 1 160 161 163 AND
2 1 159 163 164 XOR
2 1 8 164 165 XOR
2 1 72 164 166 XOR
2 1 8 166 167 XOR
2 1 165 166 168 AND
2 1 164 168 169 XOR
2 1 9 169 170 XOR
2 1 73 169 171 XOR
2 1 9 171 172 XOR
2 1 170 171 173 AND
2 1 169 173 174 XOR
2 1 10 174 175 XOR
2 1 74 174 176 XOR
2 1 10 176 177 XOR
2 1 175 176 178 AND
2 1 174 178 179 XOR
2 1 11 179 180 XOR
2 1 75 179 181 XOR
2 1 11 181 182 XOR
2 1 180 181 183 AND
2 1 179 183 184 XOR
2 1 12 184 185 XOR
2 1 76 184 186 XOR
2 1 12 186 187 XOR
2 1 185 186 188 AND
2 1 184 188 189 XOR
2 1 13 189 190 XOR
2 1 77 189 191 XOR
2 1 13 191 192 XOR
2 1 190 191 193 AND
2 1 189 193 194 XOR
2 1 14 194 195 XOR
2 1 78 194 196 XOR
2 1 14 196 197 XOR
2 1 195 196 198 AND
2 1 194 198 199 XOR
2 1 15 199 200 XOR
2 1 79 199 201 XOR
2 1 15 201 202 XOR
2 1 200 201 203 AND
2 1 199 203 204 XOR
2 1 16 204 205 XOR
2 1 80 204 206 XOR
2 1 16 206 207 XOR
2 1 205 206 208 AND
2 1 204 208 209 XOR
2 1 17 209 210 XOR
2 1 81 209 211 XOR
2 1 17 211 212 XOR
2 1 210 211 213 AND
2 1 209 213 214 XOR
2 1 18 214 215 XOR
2 1 82 214 216 XOR
2 1 18 216 217 XOR
2 1 215 216 218 AND
2 1 214 218 219 XOR
2 1 19 219 220 XOR
2 1 83 219 221 XOR
2 1 19 221 222 XOR
2 1 220 221 223 AND
2 1 219 223 224 XOR
2 1 20 224 225 XOR
2 1 84 224 226 XOR
2 1 20 226 227 XOR
2 1 225 226 228 AND
2 1 224 228 229 XOR
2 1 21 229 230 XOR
2 1 85 229 231 XOR
2 1 21 231 232 XOR
2 1 230 231 233 AND
2 1 229 233 234 XOR
2 1 22 234 235 XOR
2 1 86 234 236 XOR
2 1 22 236 237 XOR
2 1 235 236 238 AND
2 1 234 238 239 XOR
2 1 23 239 240 XOR
2 1 87 239 241 XOR
2 1 23 241 242 XOR
2 1 240 241 243 AND
2 1 239 243 244 XOR
2 1 24 244 245 XOR
2 1 88 244 246 XOR
2 1 24 246 247 XOR
2 1 245 246 248 AND
2 1 244 248 249 XOR
2 1 25 249 250 XOR
2 1 89 249 251 XOR
2 1 25 251 252 XOR
2 1 250 251 253 AND
2 1 249 253 254 XOR
2 1 26 254 255 XOR
2 1 90 254 256 XOR
2 1 26 256 257 XOR
2 1 255 256 258 AND
2 1 254 258 259 XOR
2 1 27 259 260 XOR
2 1 91 259 261 XOR
2 1 27 261 262 XOR
2 1 260 261 263 AND
2 1 259 263 264 XOR
2 1 28 264 265 XOR
2 1 92 264 266 XOR
2 1 28 266 267 XOR
2 1 265 266 268 AND
2 1 264 268 269 XOR
2 1 29 269 270 XOR
2 1 93 269 271 XOR
2 1 29 271 272 XOR
2 1 270 271 273 AND
2 1 269 273 274 XOR
2 1 30 274 275 XOR
2 1 94 274 276 XOR
2 1 30 276 277 XOR
2 1 275 276 278 AND
2 1 274 278 279 XOR
2 1 31 279 280 XOR
2 1 95 279 281 XOR
2 1 31 281 282 XOR
2 1 280 281 283 AND
2 1 279 283 284 XOR
2 1 32 284 285 XOR
2 1 96 284 286 XOR
2 1 32 286 287 XOR
2 1 285 286 288 AND
2 1 284 288 289 XOR
2 1 33 289 290 XOR
2 1 97 289 291 XOR
2 1 33 291 292 XOR
2 1 290 291 293 AND
2 1 289 293 294 XOR
2 1 34 294 295 XOR
2 1 98 294 296 XOR
2 1 34 296 297 XOR
2 1 295 296 298 AND
2 1 294 298 299 XOR
2 1 35 299 300 XOR
2 1 99 299 301 XOR
2 1 35 301 302 XOR
2 1 300 301 303 AND
2 1 299 303 304 XOR
2 1 36 304 305 XOR
2 1 100 304 306 XOR
2 1 36 306 307 XOR
2 1 305 306 308 AND
2 1 304 308 309 XOR
2 1 37 309 310 XOR
2 1 101 309 311 XOR
2 1 37 311 312 XOR
2 1 310 311 313 AND
2 1 309 313 314 XOR
2 1 38 314 315 XOR
2 1 102 314 316 XOR
2 1 38 316 317 XOR
2 1 315 316 318 AND
2 1 314 318 319 XOR
2 1 39 319 320 XOR
2 1 103 319 321 XOR
2 1 39 321 322 XOR
2 1 320 321 323 AND
2 1 319 323 324 XOR
2 1 40 324 325 XOR
2 1 104 324 326 XOR
2 1 40 326 327 XOR
2 1 325 326 328 AND
2 1 324 328 329 XOR
2 1 41 329 330 XOR
2 1 105 329 331 XOR
2 1 41 331 332 XOR
2 1 330 331 333 AND
2 1 329 333 334 XOR
2 1 42 334 335 XOR
2 1 106 334 336 XOR
2 1 42 336 337 XOR
2 1 335 336 338 AND
2 1 334 338 339 XOR
2 1 43 339 340 XOR
2 1 107 339 341 XOR
2 1 43 341 342 XOR
2 1 340 341 343 AND
2 1 339 343 344 XOR
2 1 44 344 345 XOR
2 1 108 344 346 XOR
2 1 44 346 347 XOR
2 1 345 346 348 AND
2 1 344 348 349 XOR
2 1 45 349 350 XOR
2 1 109 349 351 XOR
2 1 45 351 352 XOR
2 1 350 351 353 AND
2 1 349 353 354 XOR
2 1 46 354 355 XOR
2 1 110 354 356 XOR
2 1 46 356 357 XOR
2 1 355 356 358 AND
2 1 354 358 359 XOR
2 1 47 359 360 XOR
2 1 111 359 361 XOR
2 1 47 361 362 XOR
2 1 360 361 363 AND
2 1 359 363 364 XOR
2 1 48 364 365 XOR
2 1 112 364 366 XOR
2 1 48 366 367 XOR
2 1 365 366 368 AND
2 1 364 368 369 XOR
2 1 49 369 370 XOR
2 1 113 369 371 XOR
2 1 49 371 372 XOR
2 1 370 371 373 AND
2 1 369 373 374 XOR
2 1 50 374 375 XOR
2 1 114 374 376 XOR
2 1 50 376 377 XOR
2 1 375 376 378 AND
2 1 374 378 379 XOR
2 1 51 379 380 XOR
2 1 115 379 381 XOR
2 1 51 381 382 XOR
2 1 380 381 383 AND
2 1 379 383 384 XOR
2 1 52 384 385 XOR
2 1 116 384 386 XOR
2 1 52 386 387 XOR
2 1 385 386 388 AND
2 1 384 388 389 XOR
2 1 53 389 390 XOR
2 1 117 389 391 XOR
2 1 53 391 392 XOR
2 1 390 391 393 AND
2 1 389 393 394 XOR
2 1 54 394 395 XOR
2 1 118 394 396 XOR
2 1 54 396 397 XOR
2 1 395 396 398 AND
2 1 394 398 399 XOR
2 1 55 399 400 XOR
2 1 119 399 401 XOR
2 1 55 401 402 XOR
2 1 400 401 403 AND
2 1 399 403 404 XOR
2 1 56 404 405 XOR
2 1 120 404 406 XOR
2 1 56 406 407 XOR
2 1 405 406 408 AND
2 1 404 408 409 XOR
2 1 57 409 410 XOR
2 1 121 409 411 XOR
2 1 57 411 412 XOR
2 1 410 411 413 AND
2 1 409 413 414 XOR
2 1 58 414 415 XOR
2 1 122 414 416 XOR
2 1 58 416 417 XOR
2 1 415 416 418 AND
2 1 414 418 419 XOR
2 1 59 419 420 XOR
2 1 123 419 421 XOR
2 1 59 421 422 XOR
2 1 420 421 423 AND
2 1 419 423 424 XOR
2 1 60 424 425 XOR
2 1 124 424 426 XOR
2 1 60 426 427 XOR
2 1 425 426 428 AND
2 1 424 428 429 XOR
2 1 61 429 430 XOR
2 1 125 429 431 XOR
2 1 61 431 432 XOR
2 1 430 431 433 AND
2 1 429 433 434 XOR
2 1 62 434 435 XOR
2 1 126 434 436 XOR
2 1 62 436 437 XOR
2 1 435 436 438 AND
2 1 434 438 439 XOR
2 1 439 127 440 XOR
2 1 440 63 441 XOR
2 1 0 0 442 XOR
2 1 442 128 443 XOR
2 1 442 132 444 XOR
2 1 442 137 445 XOR
2 1 442 142 446 XOR
2 1 442 147 447 XOR
2 1 442 152 448 XOR
2 1 442 157 449 XOR
2 1 442 162 450 XOR
2 1 442 167 451 XOR
2 1 442 172 452 XOR
2 1 442 177 453 XOR
2 1 442 182 454 XOR
2 1 442 187 455 XOR
2 1 442 192 456 XOR
2 1 442 197 457 XOR
2 1 442 202 458 XOR
2 1 442 207 459 XOR
2 1 442 212 460 XOR
2 1 442 217 461 XOR
2 1 442 222 462 XOR
2 1 442 227 463 XOR
2 1 442 232 464 XOR
2 1 442 237 465 XOR
2 1 442 242 466 XOR
2 1 442 247 467 XOR
2 1 442 252 468 XOR
2 1 442 257 469 XOR
2 1 442 262 470 XOR
2 1 442 267 471 XOR
2 1 442 272 472 XOR
2 1 442 277 473 XOR
2 1 442 282 474 XOR
2 1 442 287 475 XOR
2 1 442 292 476 XOR
2 1 442 297 477 XOR
2 1 442 302 478 XOR
2 1 442 307 479 XOR
2 1 442 312 480 XOR
2 1 442 317 481 XOR
2 1 442 322 482 XOR
2 1 442 327 483 XOR
2 1 442 332 484 XOR
2 1 442 337 485 XOR
2 1 442 342 486 XOR
2 1 442 347 487 XOR
2 1 442 352 488 XOR
2 1 442 357 489 XOR
2 1 442 362 490 XOR
2 1 442 367 491 XOR
2 1 442 372 492 XOR
2 1 442 377 493 XOR
2 1 442 382 494 XOR
2 1 442 387 495 XOR
2 1 442 392 496 XOR
2 1 442 397 497 XOR
2 1 442 402 498 XOR
2 1 442 407 499 XOR
2 1 442 412 500 XOR
2 1 442 417 501 XOR
2 1 442 422 502 XOR
2 1 442 427 503 XOR
2 1 442 432 504 XOR
2 1 442 437 505 XOR
2 1 442 441 506 XOR
