1388 1420
16 16 16
                                                                                                                                                                                     
2 1 0 15 32 XOR
2 1 0 15 33 AND
2 1 1 33 34 XOR
2 1 15 33 35 XOR
2 1 1 35 36 XOR
2 1 34 35 37 AND
2 1 33 37 38 XOR
2 1 2 38 39 XOR
2 1 15 38 40 XOR
2 1 2 40 41 XOR
2 1 39 40 42 AND
2 1 38 42 43 XOR
2 1 3 43 44 XOR
2 1 15 43 45 XOR
2 1 3 45 46 XOR
2 1 44 45 47 AND
2 1 43 47 48 XOR
2 1 4 48 49 XOR
2 1 15 48 50 XOR
2 1 4 50 51 XOR
2 1 49 50 52 AND
2 1 48 52 53 XOR
2 1 5 53 54 XOR
2 1 15 53 55 XOR
2 1 5 55 56 XOR
2 1 54 55 57 AND
2 1 53 57 58 XOR
2 1 6 58 59 XOR
2 1 15 58 60 XOR
2 1 6 60 61 XOR
2 1 59 60 62 AND
2 1 58 62 63 XOR
2 1 7 63 64 XOR
2 1 15 63 65 XOR
2 1 7 65 66 XOR
2 1 64 65 67 AND
2 1 63 67 68 XOR
2 1 8 68 69 XOR
2 1 15 68 70 XOR
2 1 8 70 71 XOR
2 1 69 70 72 AND
2 1 68 72 73 XOR
2 1 9 73 74 XOR
2 1 15 73 75 XOR
2 1 9 75 76 XOR
2 1 74 75 77 AND
2 1 73 77 78 XOR
2 1 10 78 79 XOR
2 1 15 78 80 XOR
2 1 10 80 81 XOR
2 1 79 80 82 AND
2 1 78 82 83 XOR
2 1 11 83 84 XOR
2 1 15 83 85 XOR
2 1 11 85 86 XOR
2 1 84 85 87 AND
2 1 83 87 88 XOR
2 1 12 88 89 XOR
2 1 15 88 90 XOR
2 1 12 90 91 XOR
2 1 89 90 92 AND
2 1 88 92 93 XOR
2 1 13 93 94 XOR
2 1 15 93 95 XOR
2 1 13 95 96 XOR
2 1 94 95 97 AND
2 1 93 97 98 XOR
2 1 14 98 99 XOR
2 1 15 98 100 XOR
2 1 14 100 101 XOR
2 1 99 100 102 AND
2 1 98 102 103 XOR
2 1 103 15 104 XOR
2 1 104 15 105 XOR
2 1 32 15 106 XOR
2 1 36 15 107 XOR
2 1 41 15 108 XOR
2 1 46 15 109 XOR
2 1 51 15 110 XOR
2 1 56 15 111 XOR
2 1 61 15 112 XOR
2 1 66 15 113 XOR
2 1 71 15 114 XOR
2 1 76 15 115 XOR
2 1 81 15 116 XOR
2 1 86 15 117 XOR
2 1 91 15 118 XOR
2 1 96 15 119 XOR
2 1 101 15 120 XOR
2 1 105 15 121 XOR
2 1 16 31 122 XOR
2 1 16 31 123 AND
2 1 17 123 124 XOR
2 1 31 123 125 XOR
2 1 17 125 126 XOR
2 1 124 125 127 AND
2 1 123 127 128 XOR
2 1 18 128 129 XOR
2 1 31 128 130 XOR
2 1 18 130 131 XOR
2 1 129 130 132 AND
2 1 128 132 133 XOR
2 1 19 133 134 XOR
2 1 31 133 135 XOR
2 1 19 135 136 XOR
2 1 134 135 137 AND
2 1 133 137 138 XOR
2 1 20 138 139 XOR
2 1 31 138 140 XOR
2 1 20 140 141 XOR
2 1 139 140 142 AND
2 1 138 142 143 XOR
2 1 21 143 144 XOR
2 1 31 143 145 XOR
2 1 21 145 146 XOR
2 1 144 145 147 AND
2 1 143 147 148 XOR
2 1 22 148 149 XOR
2 1 31 148 150 XOR
2 1 22 150 151 XOR
2 1 149 150 152 AND
2 1 148 152 153 XOR
2 1 23 153 154 XOR
2 1 31 153 155 XOR
2 1 23 155 156 XOR
2 1 154 155 157 AND
2 1 153 157 158 XOR
2 1 24 158 159 XOR
2 1 31 158 160 XOR
2 1 24 160 161 XOR
2 1 159 160 162 AND
2 1 158 162 163 XOR
2 1 25 163 164 XOR
2 1 31 163 165 XOR
2 1 25 165 166 XOR
2 1 164 165 167 AND
2 1 163 167 168 XOR
2 1 26 168 169 XOR
2 1 31 168 170 XOR
2 1 26 170 171 XOR
2 1 169 170 172 AND
2 1 168 172 173 XOR
2 1 27 173 174 XOR
2 1 31 173 175 XOR
2 1 27 175 176 XOR
2 1 174 175 177 AND
2 1 173 177 178 XOR
2 1 28 178 179 XOR
2 1 31 178 180 XOR
2 1 28 180 181 XOR
2 1 179 180 182 AND
2 1 178 182 183 XOR
2 1 29 183 184 XOR
2 1 31 183 185 XOR
2 1 29 185 186 XOR
2 1 184 185 187 AND
2 1 183 187 188 XOR
2 1 30 188 189 XOR
2 1 31 188 190 XOR
2 1 30 190 191 XOR
2 1 189 190 192 AND
2 1 188 192 193 XOR
2 1 193 31 194 XOR
2 1 194 31 195 XOR
2 1 122 31 196 XOR
2 1 126 31 197 XOR
2 1 131 31 198 XOR
2 1 136 31 199 XOR
2 1 141 31 200 XOR
2 1 146 31 201 XOR
2 1 151 31 202 XOR
2 1 156 31 203 XOR
2 1 161 31 204 XOR
2 1 166 31 205 XOR
2 1 171 31 206 XOR
2 1 176 31 207 XOR
2 1 181 31 208 XOR
2 1 186 31 209 XOR
2 1 191 31 210 XOR
2 1 195 31 211 XOR
2 1 15 31 212 XOR
2 1 211 210 213 AND
2 1 211 210 214 XOR
2 1 214 213 215 XOR
2 1 215 209 216 AND
2 1 215 209 217 XOR
2 1 217 216 218 XOR
2 1 218 208 219 AND
2 1 218 208 220 XOR
2 1 220 219 221 XOR
2 1 221 207 222 AND
2 1 221 207 223 XOR
2 1 223 222 224 XOR
2 1 224 206 225 AND
2 1 224 206 226 XOR
2 1 226 225 227 XOR
2 1 227 205 228 AND
2 1 227 205 229 XOR
2 1 229 228 230 XOR
2 1 230 204 231 AND
2 1 230 204 232 XOR
2 1 232 231 233 XOR
2 1 233 203 234 AND
2 1 233 203 235 XOR
2 1 235 234 236 XOR
2 1 236 202 237 AND
2 1 236 202 238 XOR
2 1 238 237 239 XOR
2 1 239 201 240 AND
2 1 239 201 241 XOR
2 1 241 240 242 XOR
2 1 242 200 243 AND
2 1 242 200 244 XOR
2 1 244 243 245 XOR
2 1 245 199 246 AND
2 1 245 199 247 XOR
2 1 247 246 248 XOR
2 1 248 198 249 AND
2 1 248 198 250 XOR
2 1 250 249 251 XOR
2 1 251 197 252 AND
2 1 251 197 253 XOR
2 1 253 252 254 XOR
2 1 121 196 255 XOR
2 1 255 196 256 AND
2 1 256 254 257 AND
2 1 256 254 258 XOR
2 1 258 257 259 XOR
2 1 121 255 260 XOR
2 1 259 260 261 AND
2 1 261 255 262 XOR
1 1 259 263 INV
2 1 120 196 264 XOR
2 1 264 196 265 AND
2 1 262 197 266 XOR
2 1 265 197 267 XOR
2 1 266 265 268 XOR
2 1 266 267 269 AND
2 1 265 269 270 XOR
2 1 270 251 271 AND
2 1 270 251 272 XOR
2 1 272 271 273 XOR
2 1 120 264 274 XOR
2 1 273 274 275 AND
2 1 275 264 276 XOR
2 1 262 268 277 XOR
2 1 273 277 278 AND
2 1 278 268 279 XOR
1 1 273 280 INV
2 1 119 196 281 XOR
2 1 281 196 282 AND
2 1 276 197 283 XOR
2 1 282 197 284 XOR
2 1 283 282 285 XOR
2 1 283 284 286 AND
2 1 282 286 287 XOR
2 1 279 198 288 XOR
2 1 287 198 289 XOR
2 1 288 287 290 XOR
2 1 288 289 291 AND
2 1 287 291 292 XOR
2 1 292 248 293 AND
2 1 292 248 294 XOR
2 1 294 293 295 XOR
2 1 119 281 296 XOR
2 1 295 296 297 AND
2 1 297 281 298 XOR
2 1 276 285 299 XOR
2 1 295 299 300 AND
2 1 300 285 301 XOR
2 1 279 290 302 XOR
2 1 295 302 303 AND
2 1 303 290 304 XOR
1 1 295 305 INV
2 1 118 196 306 XOR
2 1 306 196 307 AND
2 1 298 197 308 XOR
2 1 307 197 309 XOR
2 1 308 307 310 XOR
2 1 308 309 311 AND
2 1 307 311 312 XOR
2 1 301 198 313 XOR
2 1 312 198 314 XOR
2 1 313 312 315 XOR
2 1 313 314 316 AND
2 1 312 316 317 XOR
2 1 304 199 318 XOR
2 1 317 199 319 XOR
2 1 318 317 320 XOR
2 1 318 319 321 AND
2 1 317 321 322 XOR
2 1 322 245 323 AND
2 1 322 245 324 XOR
2 1 324 323 325 XOR
2 1 118 306 326 XOR
2 1 325 326 327 AND
2 1 327 306 328 XOR
2 1 298 310 329 XOR
2 1 325 329 330 AND
2 1 330 310 331 XOR
2 1 301 315 332 XOR
2 1 325 332 333 AND
2 1 333 315 334 XOR
2 1 304 320 335 XOR
2 1 325 335 336 AND
2 1 336 320 337 XOR
1 1 325 338 INV
2 1 117 196 339 XOR
2 1 339 196 340 AND
2 1 328 197 341 XOR
2 1 340 197 342 XOR
2 1 341 340 343 XOR
2 1 341 342 344 AND
2 1 340 344 345 XOR
2 1 331 198 346 XOR
2 1 345 198 347 XOR
2 1 346 345 348 XOR
2 1 346 347 349 AND
2 1 345 349 350 XOR
2 1 334 199 351 XOR
2 1 350 199 352 XOR
2 1 351 350 353 XOR
2 1 351 352 354 AND
2 1 350 354 355 XOR
2 1 337 200 356 XOR
2 1 355 200 357 XOR
2 1 356 355 358 XOR
2 1 356 357 359 AND
2 1 355 359 360 XOR
2 1 360 242 361 AND
2 1 360 242 362 XOR
2 1 362 361 363 XOR
2 1 117 339 364 XOR
2 1 363 364 365 AND
2 1 365 339 366 XOR
2 1 328 343 367 XOR
2 1 363 367 368 AND
2 1 368 343 369 XOR
2 1 331 348 370 XOR
2 1 363 370 371 AND
2 1 371 348 372 XOR
2 1 334 353 373 XOR
2 1 363 373 374 AND
2 1 374 353 375 XOR
2 1 337 358 376 XOR
2 1 363 376 377 AND
2 1 377 358 378 XOR
1 1 363 379 INV
2 1 116 196 380 XOR
2 1 380 196 381 AND
2 1 366 197 382 XOR
2 1 381 197 383 XOR
2 1 382 381 384 XOR
2 1 382 383 385 AND
2 1 381 385 386 XOR
2 1 369 198 387 XOR
2 1 386 198 388 XOR
2 1 387 386 389 XOR
2 1 387 388 390 AND
2 1 386 390 391 XOR
2 1 372 199 392 XOR
2 1 391 199 393 XOR
2 1 392 391 394 XOR
2 1 392 393 395 AND
2 1 391 395 396 XOR
2 1 375 200 397 XOR
2 1 396 200 398 XOR
2 1 397 396 399 XOR
2 1 397 398 400 AND
2 1 396 400 401 XOR
2 1 378 201 402 XOR
2 1 401 201 403 XOR
2 1 402 401 404 XOR
2 1 402 403 405 AND
2 1 401 405 406 XOR
2 1 406 239 407 AND
2 1 406 239 408 XOR
2 1 408 407 409 XOR
2 1 116 380 410 XOR
2 1 409 410 411 AND
2 1 411 380 412 XOR
2 1 366 384 413 XOR
2 1 409 413 414 AND
2 1 414 384 415 XOR
2 1 369 389 416 XOR
2 1 409 416 417 AND
2 1 417 389 418 XOR
2 1 372 394 419 XOR
2 1 409 419 420 AND
2 1 420 394 421 XOR
2 1 375 399 422 XOR
2 1 409 422 423 AND
2 1 423 399 424 XOR
2 1 378 404 425 XOR
2 1 409 425 426 AND
2 1 426 404 427 XOR
1 1 409 428 INV
2 1 115 196 429 XOR
2 1 429 196 430 AND
2 1 412 197 431 XOR
2 1 430 197 432 XOR
2 1 431 430 433 XOR
2 1 431 432 434 AND
2 1 430 434 435 XOR
2 1 415 198 436 XOR
2 1 435 198 437 XOR
2 1 436 435 438 XOR
2 1 436 437 439 AND
2 1 435 439 440 XOR
2 1 418 199 441 XOR
2 1 440 199 442 XOR
2 1 441 440 443 XOR
2 1 441 442 444 AND
2 1 440 444 445 XOR
2 1 421 200 446 XOR
2 1 445 200 447 XOR
2 1 446 445 448 XOR
2 1 446 447 449 AND
2 1 445 449 450 XOR
2 1 424 201 451 XOR
2 1 450 201 452 XOR
2 1 451 450 453 XOR
2 1 451 452 454 AND
2 1 450 454 455 XOR
2 1 427 202 456 XOR
2 1 455 202 457 XOR
2 1 456 455 458 XOR
2 1 456 457 459 AND
2 1 455 459 460 XOR
2 1 460 236 461 AND
2 1 460 236 462 XOR
2 1 462 461 463 XOR
2 1 115 429 464 XOR
2 1 463 464 465 AND
2 1 465 429 466 XOR
2 1 412 433 467 XOR
2 1 463 467 468 AND
2 1 468 433 469 XOR
2 1 415 438 470 XOR
2 1 463 470 471 AND
2 1 471 438 472 XOR
2 1 418 443 473 XOR
2 1 463 473 474 AND
2 1 474 443 475 XOR
2 1 421 448 476 XOR
2 1 463 476 477 AND
2 1 477 448 478 XOR
2 1 424 453 479 XOR
2 1 463 479 480 AND
2 1 480 453 481 XOR
2 1 427 458 482 XOR
2 1 463 482 483 AND
2 1 483 458 484 XOR
1 1 463 485 INV
2 1 114 196 486 XOR
2 1 486 196 487 AND
2 1 466 197 488 XOR
2 1 487 197 489 XOR
2 1 488 487 490 XOR
2 1 488 489 491 AND
2 1 487 491 492 XOR
2 1 469 198 493 XOR
2 1 492 198 494 XOR
2 1 493 492 495 XOR
2 1 493 494 496 AND
2 1 492 496 497 XOR
2 1 472 199 498 XOR
2 1 497 199 499 XOR
2 1 498 497 500 XOR
2 1 498 499 501 AND
2 1 497 501 502 XOR
2 1 475 200 503 XOR
2 1 502 200 504 XOR
2 1 503 502 505 XOR
2 1 503 504 506 AND
2 1 502 506 507 XOR
2 1 478 201 508 XOR
2 1 507 201 509 XOR
2 1 508 507 510 XOR
2 1 508 509 511 AND
2 1 507 511 512 XOR
2 1 481 202 513 XOR
2 1 512 202 514 XOR
2 1 513 512 515 XOR
2 1 513 514 516 AND
2 1 512 516 517 XOR
2 1 484 203 518 XOR
2 1 517 203 519 XOR
2 1 518 517 520 XOR
2 1 518 519 521 AND
2 1 517 521 522 XOR
2 1 522 233 523 AND
2 1 522 233 524 XOR
2 1 524 523 525 XOR
2 1 114 486 526 XOR
2 1 525 526 527 AND
2 1 527 486 528 XOR
2 1 466 490 529 XOR
2 1 525 529 530 AND
2 1 530 490 531 XOR
2 1 469 495 532 XOR
2 1 525 532 533 AND
2 1 533 495 534 XOR
2 1 472 500 535 XOR
2 1 525 535 536 AND
2 1 536 500 537 XOR
2 1 475 505 538 XOR
2 1 525 538 539 AND
2 1 539 505 540 XOR
2 1 478 510 541 XOR
2 1 525 541 542 AND
2 1 542 510 543 XOR
2 1 481 515 544 XOR
2 1 525 544 545 AND
2 1 545 515 546 XOR
2 1 484 520 547 XOR
2 1 525 547 548 AND
2 1 548 520 549 XOR
1 1 525 550 INV
2 1 113 196 551 XOR
2 1 551 196 552 AND
2 1 528 197 553 XOR
2 1 552 197 554 XOR
2 1 553 552 555 XOR
2 1 553 554 556 AND
2 1 552 556 557 XOR
2 1 531 198 558 XOR
2 1 557 198 559 XOR
2 1 558 557 560 XOR
2 1 558 559 561 AND
2 1 557 561 562 XOR
2 1 534 199 563 XOR
2 1 562 199 564 XOR
2 1 563 562 565 XOR
2 1 563 564 566 AND
2 1 562 566 567 XOR
2 1 537 200 568 XOR
2 1 567 200 569 XOR
2 1 568 567 570 XOR
2 1 568 569 571 AND
2 1 567 571 572 XOR
2 1 540 201 573 XOR
2 1 572 201 574 XOR
2 1 573 572 575 XOR
2 1 573 574 576 AND
2 1 572 576 577 XOR
2 1 543 202 578 XOR
2 1 577 202 579 XOR
2 1 578 577 580 XOR
2 1 578 579 581 AND
2 1 577 581 582 XOR
2 1 546 203 583 XOR
2 1 582 203 584 XOR
2 1 583 582 585 XOR
2 1 583 584 586 AND
2 1 582 586 587 XOR
2 1 549 204 588 XOR
2 1 587 204 589 XOR
2 1 588 587 590 XOR
2 1 588 589 591 AND
2 1 587 591 592 XOR
2 1 592 230 593 AND
2 1 592 230 594 XOR
2 1 594 593 595 XOR
2 1 113 551 596 XOR
2 1 595 596 597 AND
2 1 597 551 598 XOR
2 1 528 555 599 XOR
2 1 595 599 600 AND
2 1 600 555 601 XOR
2 1 531 560 602 XOR
2 1 595 602 603 AND
2 1 603 560 604 XOR
2 1 534 565 605 XOR
2 1 595 605 606 AND
2 1 606 565 607 XOR
2 1 537 570 608 XOR
2 1 595 608 609 AND
2 1 609 570 610 XOR
2 1 540 575 611 XOR
2 1 595 611 612 AND
2 1 612 575 613 XOR
2 1 543 580 614 XOR
2 1 595 614 615 AND
2 1 615 580 616 XOR
2 1 546 585 617 XOR
2 1 595 617 618 AND
2 1 618 585 619 XOR
2 1 549 590 620 XOR
2 1 595 620 621 AND
2 1 621 590 622 XOR
1 1 595 623 INV
2 1 112 196 624 XOR
2 1 624 196 625 AND
2 1 598 197 626 XOR
2 1 625 197 627 XOR
2 1 626 625 628 XOR
2 1 626 627 629 AND
2 1 625 629 630 XOR
2 1 601 198 631 XOR
2 1 630 198 632 XOR
2 1 631 630 633 XOR
2 1 631 632 634 AND
2 1 630 634 635 XOR
2 1 604 199 636 XOR
2 1 635 199 637 XOR
2 1 636 635 638 XOR
2 1 636 637 639 AND
2 1 635 639 640 XOR
2 1 607 200 641 XOR
2 1 640 200 642 XOR
2 1 641 640 643 XOR
2 1 641 642 644 AND
2 1 640 644 645 XOR
2 1 610 201 646 XOR
2 1 645 201 647 XOR
2 1 646 645 648 XOR
2 1 646 647 649 AND
2 1 645 649 650 XOR
2 1 613 202 651 XOR
2 1 650 202 652 XOR
2 1 651 650 653 XOR
2 1 651 652 654 AND
2 1 650 654 655 XOR
2 1 616 203 656 XOR
2 1 655 203 657 XOR
2 1 656 655 658 XOR
2 1 656 657 659 AND
2 1 655 659 660 XOR
2 1 619 204 661 XOR
2 1 660 204 662 XOR
2 1 661 660 663 XOR
2 1 661 662 664 AND
2 1 660 664 665 XOR
2 1 622 205 666 XOR
2 1 665 205 667 XOR
2 1 666 665 668 XOR
2 1 666 667 669 AND
2 1 665 669 670 XOR
2 1 670 227 671 AND
2 1 670 227 672 XOR
2 1 672 671 673 XOR
2 1 112 624 674 XOR
2 1 673 674 675 AND
2 1 675 624 676 XOR
2 1 598 628 677 XOR
2 1 673 677 678 AND
2 1 678 628 679 XOR
2 1 601 633 680 XOR
2 1 673 680 681 AND
2 1 681 633 682 XOR
2 1 604 638 683 XOR
2 1 673 683 684 AND
2 1 684 638 685 XOR
2 1 607 643 686 XOR
2 1 673 686 687 AND
2 1 687 643 688 XOR
2 1 610 648 689 XOR
2 1 673 689 690 AND
2 1 690 648 691 XOR
2 1 613 653 692 XOR
2 1 673 692 693 AND
2 1 693 653 694 XOR
2 1 616 658 695 XOR
2 1 673 695 696 AND
2 1 696 658 697 XOR
2 1 619 663 698 XOR
2 1 673 698 699 AND
2 1 699 663 700 XOR
2 1 622 668 701 XOR
2 1 673 701 702 AND
2 1 702 668 703 XOR
1 1 673 704 INV
2 1 111 196 705 XOR
2 1 705 196 706 AND
2 1 676 197 707 XOR
2 1 706 197 708 XOR
2 1 707 706 709 XOR
2 1 707 708 710 AND
2 1 706 710 711 XOR
2 1 679 198 712 XOR
2 1 711 198 713 XOR
2 1 712 711 714 XOR
2 1 712 713 715 AND
2 1 711 715 716 XOR
2 1 682 199 717 XOR
2 1 716 199 718 XOR
2 1 717 716 719 XOR
2 1 717 718 720 AND
2 1 716 720 721 XOR
2 1 685 200 722 XOR
2 1 721 200 723 XOR
2 1 722 721 724 XOR
2 1 722 723 725 AND
2 1 721 725 726 XOR
2 1 688 201 727 XOR
2 1 726 201 728 XOR
2 1 727 726 729 XOR
2 1 727 728 730 AND
2 1 726 730 731 XOR
2 1 691 202 732 XOR
2 1 731 202 733 XOR
2 1 732 731 734 XOR
2 1 732 733 735 AND
2 1 731 735 736 XOR
2 1 694 203 737 XOR
2 1 736 203 738 XOR
2 1 737 736 739 XOR
2 1 737 738 740 AND
2 1 736 740 741 XOR
2 1 697 204 742 XOR
2 1 741 204 743 XOR
2 1 742 741 744 XOR
2 1 742 743 745 AND
2 1 741 745 746 XOR
2 1 700 205 747 XOR
2 1 746 205 748 XOR
2 1 747 746 749 XOR
2 1 747 748 750 AND
2 1 746 750 751 XOR
2 1 703 206 752 XOR
2 1 751 206 753 XOR
2 1 752 751 754 XOR
2 1 752 753 755 AND
2 1 751 755 756 XOR
2 1 756 224 757 AND
2 1 756 224 758 XOR
2 1 758 757 759 XOR
2 1 111 705 760 XOR
2 1 759 760 761 AND
2 1 761 705 762 XOR
2 1 676 709 763 XOR
2 1 759 763 764 AND
2 1 764 709 765 XOR
2 1 679 714 766 XOR
2 1 759 766 767 AND
2 1 767 714 768 XOR
2 1 682 719 769 XOR
2 1 759 769 770 AND
2 1 770 719 771 XOR
2 1 685 724 772 XOR
2 1 759 772 773 AND
2 1 773 724 774 XOR
2 1 688 729 775 XOR
2 1 759 775 776 AND
2 1 776 729 777 XOR
2 1 691 734 778 XOR
2 1 759 778 779 AND
2 1 779 734 780 XOR
2 1 694 739 781 XOR
2 1 759 781 782 AND
2 1 782 739 783 XOR
2 1 697 744 784 XOR
2 1 759 784 785 AND
2 1 785 744 786 XOR
2 1 700 749 787 XOR
2 1 759 787 788 AND
2 1 788 749 789 XOR
2 1 703 754 790 XOR
2 1 759 790 791 AND
2 1 791 754 792 XOR
1 1 759 793 INV
2 1 110 196 794 XOR
2 1 794 196 795 AND
2 1 762 197 796 XOR
2 1 795 197 797 XOR
2 1 796 795 798 XOR
2 1 796 797 799 AND
2 1 795 799 800 XOR
2 1 765 198 801 XOR
2 1 800 198 802 XOR
2 1 801 800 803 XOR
2 1 801 802 804 AND
2 1 800 804 805 XOR
2 1 768 199 806 XOR
2 1 805 199 807 XOR
2 1 806 805 808 XOR
2 1 806 807 809 AND
2 1 805 809 810 XOR
2 1 771 200 811 XOR
2 1 810 200 812 XOR
2 1 811 810 813 XOR
2 1 811 812 814 AND
2 1 810 814 815 XOR
2 1 774 201 816 XOR
2 1 815 201 817 XOR
2 1 816 815 818 XOR
2 1 816 817 819 AND
2 1 815 819 820 XOR
2 1 777 202 821 XOR
2 1 820 202 822 XOR
2 1 821 820 823 XOR
2 1 821 822 824 AND
2 1 820 824 825 XOR
2 1 780 203 826 XOR
2 1 825 203 827 XOR
2 1 826 825 828 XOR
2 1 826 827 829 AND
2 1 825 829 830 XOR
2 1 783 204 831 XOR
2 1 830 204 832 XOR
2 1 831 830 833 XOR
2 1 831 832 834 AND
2 1 830 834 835 XOR
2 1 786 205 836 XOR
2 1 835 205 837 XOR
2 1 836 835 838 XOR
2 1 836 837 839 AND
2 1 835 839 840 XOR
2 1 789 206 841 XOR
2 1 840 206 842 XOR
2 1 841 840 843 XOR
2 1 841 842 844 AND
2 1 840 844 845 XOR
2 1 792 207 846 XOR
2 1 845 207 847 XOR
2 1 846 845 848 XOR
2 1 846 847 849 AND
2 1 845 849 850 XOR
2 1 850 221 851 AND
2 1 850 221 852 XOR
2 1 852 851 853 XOR
2 1 110 794 854 XOR
2 1 853 854 855 AND
2 1 855 794 856 XOR
2 1 762 798 857 XOR
2 1 853 857 858 AND
2 1 858 798 859 XOR
2 1 765 803 860 XOR
2 1 853 860 861 AND
2 1 861 803 862 XOR
2 1 768 808 863 XOR
2 1 853 863 864 AND
2 1 864 808 865 XOR
2 1 771 813 866 XOR
2 1 853 866 867 AND
2 1 867 813 868 XOR
2 1 774 818 869 XOR
2 1 853 869 870 AND
2 1 870 818 871 XOR
2 1 777 823 872 XOR
2 1 853 872 873 AND
2 1 873 823 874 XOR
2 1 780 828 875 XOR
2 1 853 875 876 AND
2 1 876 828 877 XOR
2 1 783 833 878 XOR
2 1 853 878 879 AND
2 1 879 833 880 XOR
2 1 786 838 881 XOR
2 1 853 881 882 AND
2 1 882 838 883 XOR
2 1 789 843 884 XOR
2 1 853 884 885 AND
2 1 885 843 886 XOR
2 1 792 848 887 XOR
2 1 853 887 888 AND
2 1 888 848 889 XOR
1 1 853 890 INV
2 1 109 196 891 XOR
2 1 891 196 892 AND
2 1 856 197 893 XOR
2 1 892 197 894 XOR
2 1 893 892 895 XOR
2 1 893 894 896 AND
2 1 892 896 897 XOR
2 1 859 198 898 XOR
2 1 897 198 899 XOR
2 1 898 897 900 XOR
2 1 898 899 901 AND
2 1 897 901 902 XOR
2 1 862 199 903 XOR
2 1 902 199 904 XOR
2 1 903 902 905 XOR
2 1 903 904 906 AND
2 1 902 906 907 XOR
2 1 865 200 908 XOR
2 1 907 200 909 XOR
2 1 908 907 910 XOR
2 1 908 909 911 AND
2 1 907 911 912 XOR
2 1 868 201 913 XOR
2 1 912 201 914 XOR
2 1 913 912 915 XOR
2 1 913 914 916 AND
2 1 912 916 917 XOR
2 1 871 202 918 XOR
2 1 917 202 919 XOR
2 1 918 917 920 XOR
2 1 918 919 921 AND
2 1 917 921 922 XOR
2 1 874 203 923 XOR
2 1 922 203 924 XOR
2 1 923 922 925 XOR
2 1 923 924 926 AND
2 1 922 926 927 XOR
2 1 877 204 928 XOR
2 1 927 204 929 XOR
2 1 928 927 930 XOR
2 1 928 929 931 AND
2 1 927 931 932 XOR
2 1 880 205 933 XOR
2 1 932 205 934 XOR
2 1 933 932 935 XOR
2 1 933 934 936 AND
2 1 932 936 937 XOR
2 1 883 206 938 XOR
2 1 937 206 939 XOR
2 1 938 937 940 XOR
2 1 938 939 941 AND
2 1 937 941 942 XOR
2 1 886 207 943 XOR
2 1 942 207 944 XOR
2 1 943 942 945 XOR
2 1 943 944 946 AND
2 1 942 946 947 XOR
2 1 889 208 948 XOR
2 1 947 208 949 XOR
2 1 948 947 950 XOR
2 1 948 949 951 AND
2 1 947 951 952 XOR
2 1 952 218 953 AND
2 1 952 218 954 XOR
2 1 954 953 955 XOR
2 1 109 891 956 XOR
2 1 955 956 957 AND
2 1 957 891 958 XOR
2 1 856 895 959 XOR
2 1 955 959 960 AND
2 1 960 895 961 XOR
2 1 859 900 962 XOR
2 1 955 962 963 AND
2 1 963 900 964 XOR
2 1 862 905 965 XOR
2 1 955 965 966 AND
2 1 966 905 967 XOR
2 1 865 910 968 XOR
2 1 955 968 969 AND
2 1 969 910 970 XOR
2 1 868 915 971 XOR
2 1 955 971 972 AND
2 1 972 915 973 XOR
2 1 871 920 974 XOR
2 1 955 974 975 AND
2 1 975 920 976 XOR
2 1 874 925 977 XOR
2 1 955 977 978 AND
2 1 978 925 979 XOR
2 1 877 930 980 XOR
2 1 955 980 981 AND
2 1 981 930 982 XOR
2 1 880 935 983 XOR
2 1 955 983 984 AND
2 1 984 935 985 XOR
2 1 883 940 986 XOR
2 1 955 986 987 AND
2 1 987 940 988 XOR
2 1 886 945 989 XOR
2 1 955 989 990 AND
2 1 990 945 991 XOR
2 1 889 950 992 XOR
2 1 955 992 993 AND
2 1 993 950 994 XOR
1 1 955 995 INV
2 1 108 196 996 XOR
2 1 996 196 997 AND
2 1 958 197 998 XOR
2 1 997 197 999 XOR
2 1 998 997 1000 XOR
2 1 998 999 1001 AND
2 1 997 1001 1002 XOR
2 1 961 198 1003 XOR
2 1 1002 198 1004 XOR
2 1 1003 1002 1005 XOR
2 1 1003 1004 1006 AND
2 1 1002 1006 1007 XOR
2 1 964 199 1008 XOR
2 1 1007 199 1009 XOR
2 1 1008 1007 1010 XOR
2 1 1008 1009 1011 AND
2 1 1007 1011 1012 XOR
2 1 967 200 1013 XOR
2 1 1012 200 1014 XOR
2 1 1013 1012 1015 XOR
2 1 1013 1014 1016 AND
2 1 1012 1016 1017 XOR
2 1 970 201 1018 XOR
2 1 1017 201 1019 XOR
2 1 1018 1017 1020 XOR
2 1 1018 1019 1021 AND
2 1 1017 1021 1022 XOR
2 1 973 202 1023 XOR
2 1 1022 202 1024 XOR
2 1 1023 1022 1025 XOR
2 1 1023 1024 1026 AND
2 1 1022 1026 1027 XOR
2 1 976 203 1028 XOR
2 1 1027 203 1029 XOR
2 1 1028 1027 1030 XOR
2 1 1028 1029 1031 AND
2 1 1027 1031 1032 XOR
2 1 979 204 1033 XOR
2 1 1032 204 1034 XOR
2 1 1033 1032 1035 XOR
2 1 1033 1034 1036 AND
2 1 1032 1036 1037 XOR
2 1 982 205 1038 XOR
2 1 1037 205 1039 XOR
2 1 1038 1037 1040 XOR
2 1 1038 1039 1041 AND
2 1 1037 1041 1042 XOR
2 1 985 206 1043 XOR
2 1 1042 206 1044 XOR
2 1 1043 1042 1045 XOR
2 1 1043 1044 1046 AND
2 1 1042 1046 1047 XOR
2 1 988 207 1048 XOR
2 1 1047 207 1049 XOR
2 1 1048 1047 1050 XOR
2 1 1048 1049 1051 AND
2 1 1047 1051 1052 XOR
2 1 991 208 1053 XOR
2 1 1052 208 1054 XOR
2 1 1053 1052 1055 XOR
2 1 1053 1054 1056 AND
2 1 1052 1056 1057 XOR
2 1 994 209 1058 XOR
2 1 1057 209 1059 XOR
2 1 1058 1057 1060 XOR
2 1 1058 1059 1061 AND
2 1 1057 1061 1062 XOR
2 1 1062 215 1063 AND
2 1 1062 215 1064 XOR
2 1 1064 1063 1065 XOR
2 1 108 996 1066 XOR
2 1 1065 1066 1067 AND
2 1 1067 996 1068 XOR
2 1 958 1000 1069 XOR
2 1 1065 1069 1070 AND
2 1 1070 1000 1071 XOR
2 1 961 1005 1072 XOR
2 1 1065 1072 1073 AND
2 1 1073 1005 1074 XOR
2 1 964 1010 1075 XOR
2 1 1065 1075 1076 AND
2 1 1076 1010 1077 XOR
2 1 967 1015 1078 XOR
2 1 1065 1078 1079 AND
2 1 1079 1015 1080 XOR
2 1 970 1020 1081 XOR
2 1 1065 1081 1082 AND
2 1 1082 1020 1083 XOR
2 1 973 1025 1084 XOR
2 1 1065 1084 1085 AND
2 1 1085 1025 1086 XOR
2 1 976 1030 1087 XOR
2 1 1065 1087 1088 AND
2 1 1088 1030 1089 XOR
2 1 979 1035 1090 XOR
2 1 1065 1090 1091 AND
2 1 1091 1035 1092 XOR
2 1 982 1040 1093 XOR
2 1 1065 1093 1094 AND
2 1 1094 1040 1095 XOR
2 1 985 1045 1096 XOR
2 1 1065 1096 1097 AND
2 1 1097 1045 1098 XOR
2 1 988 1050 1099 XOR
2 1 1065 1099 1100 AND
2 1 1100 1050 1101 XOR
2 1 991 1055 1102 XOR
2 1 1065 1102 1103 AND
2 1 1103 1055 1104 XOR
2 1 994 1060 1105 XOR
2 1 1065 1105 1106 AND
2 1 1106 1060 1107 XOR
1 1 1065 1108 INV
2 1 107 196 1109 XOR
2 1 1109 196 1110 AND
2 1 1068 197 1111 XOR
2 1 1110 197 1112 XOR
2 1 1111 1110 1113 XOR
2 1 1111 1112 1114 AND
2 1 1110 1114 1115 XOR
2 1 1071 198 1116 XOR
2 1 1115 198 1117 XOR
2 1 1116 1115 1118 XOR
2 1 1116 1117 1119 AND
2 1 1115 1119 1120 XOR
2 1 1074 199 1121 XOR
2 1 1120 199 1122 XOR
2 1 1121 1120 1123 XOR
2 1 1121 1122 1124 AND
2 1 1120 1124 1125 XOR
2 1 1077 200 1126 XOR
2 1 1125 200 1127 XOR
2 1 1126 1125 1128 XOR
2 1 1126 1127 1129 AND
2 1 1125 1129 1130 XOR
2 1 1080 201 1131 XOR
2 1 1130 201 1132 XOR
2 1 1131 1130 1133 XOR
2 1 1131 1132 1134 AND
2 1 1130 1134 1135 XOR
2 1 1083 202 1136 XOR
2 1 1135 202 1137 XOR
2 1 1136 1135 1138 XOR
2 1 1136 1137 1139 AND
2 1 1135 1139 1140 XOR
2 1 1086 203 1141 XOR
2 1 1140 203 1142 XOR
2 1 1141 1140 1143 XOR
2 1 1141 1142 1144 AND
2 1 1140 1144 1145 XOR
2 1 1089 204 1146 XOR
2 1 1145 204 1147 XOR
2 1 1146 1145 1148 XOR
2 1 1146 1147 1149 AND
2 1 1145 1149 1150 XOR
2 1 1092 205 1151 XOR
2 1 1150 205 1152 XOR
2 1 1151 1150 1153 XOR
2 1 1151 1152 1154 AND
2 1 1150 1154 1155 XOR
2 1 1095 206 1156 XOR
2 1 1155 206 1157 XOR
2 1 1156 1155 1158 XOR
2 1 1156 1157 1159 AND
2 1 1155 1159 1160 XOR
2 1 1098 207 1161 XOR
2 1 1160 207 1162 XOR
2 1 1161 1160 1163 XOR
2 1 1161 1162 1164 AND
2 1 1160 1164 1165 XOR
2 1 1101 208 1166 XOR
2 1 1165 208 1167 XOR
2 1 1166 1165 1168 XOR
2 1 1166 1167 1169 AND
2 1 1165 1169 1170 XOR
2 1 1104 209 1171 XOR
2 1 1170 209 1172 XOR
2 1 1171 1170 1173 XOR
2 1 1171 1172 1174 AND
2 1 1170 1174 1175 XOR
2 1 1107 210 1176 XOR
2 1 1175 210 1177 XOR
2 1 1176 1175 1178 XOR
2 1 1176 1177 1179 AND
2 1 1175 1179 1180 XOR
2 1 1180 211 1181 AND
2 1 1180 211 1182 XOR
2 1 1182 1181 1183 XOR
2 1 107 1109 1184 XOR
2 1 1183 1184 1185 AND
2 1 1185 1109 1186 XOR
2 1 1068 1113 1187 XOR
2 1 1183 1187 1188 AND
2 1 1188 1113 1189 XOR
2 1 1071 1118 1190 XOR
2 1 1183 1190 1191 AND
2 1 1191 1118 1192 XOR
2 1 1074 1123 1193 XOR
2 1 1183 1193 1194 AND
2 1 1194 1123 1195 XOR
2 1 1077 1128 1196 XOR
2 1 1183 1196 1197 AND
2 1 1197 1128 1198 XOR
2 1 1080 1133 1199 XOR
2 1 1183 1199 1200 AND
2 1 1200 1133 1201 XOR
2 1 1083 1138 1202 XOR
2 1 1183 1202 1203 AND
2 1 1203 1138 1204 XOR
2 1 1086 1143 1205 XOR
2 1 1183 1205 1206 AND
2 1 1206 1143 1207 XOR
2 1 1089 1148 1208 XOR
2 1 1183 1208 1209 AND
2 1 1209 1148 1210 XOR
2 1 1092 1153 1211 XOR
2 1 1183 1211 1212 AND
2 1 1212 1153 1213 XOR
2 1 1095 1158 1214 XOR
2 1 1183 1214 1215 AND
2 1 1215 1158 1216 XOR
2 1 1098 1163 1217 XOR
2 1 1183 1217 1218 AND
2 1 1218 1163 1219 XOR
2 1 1101 1168 1220 XOR
2 1 1183 1220 1221 AND
2 1 1221 1168 1222 XOR
2 1 1104 1173 1223 XOR
2 1 1183 1223 1224 AND
2 1 1224 1173 1225 XOR
2 1 1107 1178 1226 XOR
2 1 1183 1226 1227 AND
2 1 1227 1178 1228 XOR
1 1 1183 1229 INV
2 1 106 196 1230 XOR
2 1 1230 196 1231 AND
2 1 1186 197 1232 XOR
2 1 1231 197 1233 XOR
2 1 1232 1231 1234 XOR
2 1 1232 1233 1235 AND
2 1 1231 1235 1236 XOR
2 1 1189 198 1237 XOR
2 1 1236 198 1238 XOR
2 1 1237 1236 1239 XOR
2 1 1237 1238 1240 AND
2 1 1236 1240 1241 XOR
2 1 1192 199 1242 XOR
2 1 1241 199 1243 XOR
2 1 1242 1241 1244 XOR
2 1 1242 1243 1245 AND
2 1 1241 1245 1246 XOR
2 1 1195 200 1247 XOR
2 1 1246 200 1248 XOR
2 1 1247 1246 1249 XOR
2 1 1247 1248 1250 AND
2 1 1246 1250 1251 XOR
2 1 1198 201 1252 XOR
2 1 1251 201 1253 XOR
2 1 1252 1251 1254 XOR
2 1 1252 1253 1255 AND
2 1 1251 1255 1256 XOR
2 1 1201 202 1257 XOR
2 1 1256 202 1258 XOR
2 1 1257 1256 1259 XOR
2 1 1257 1258 1260 AND
2 1 1256 1260 1261 XOR
2 1 1204 203 1262 XOR
2 1 1261 203 1263 XOR
2 1 1262 1261 1264 XOR
2 1 1262 1263 1265 AND
2 1 1261 1265 1266 XOR
2 1 1207 204 1267 XOR
2 1 1266 204 1268 XOR
2 1 1267 1266 1269 XOR
2 1 1267 1268 1270 AND
2 1 1266 1270 1271 XOR
2 1 1210 205 1272 XOR
2 1 1271 205 1273 XOR
2 1 1272 1271 1274 XOR
2 1 1272 1273 1275 AND
2 1 1271 1275 1276 XOR
2 1 1213 206 1277 XOR
2 1 1276 206 1278 XOR
2 1 1277 1276 1279 XOR
2 1 1277 1278 1280 AND
2 1 1276 1280 1281 XOR
2 1 1216 207 1282 XOR
2 1 1281 207 1283 XOR
2 1 1282 1281 1284 XOR
2 1 1282 1283 1285 AND
2 1 1281 1285 1286 XOR
2 1 1219 208 1287 XOR
2 1 1286 208 1288 XOR
2 1 1287 1286 1289 XOR
2 1 1287 1288 1290 AND
2 1 1286 1290 1291 XOR
2 1 1222 209 1292 XOR
2 1 1291 209 1293 XOR
2 1 1292 1291 1294 XOR
2 1 1292 1293 1295 AND
2 1 1291 1295 1296 XOR
2 1 1225 210 1297 XOR
2 1 1296 210 1298 XOR
2 1 1297 1296 1299 XOR
2 1 1297 1298 1300 AND
2 1 1296 1300 1301 XOR
2 1 1228 211 1302 XOR
2 1 1301 211 1303 XOR
2 1 1302 1301 1304 XOR
2 1 1302 1303 1305 AND
2 1 1301 1305 1306 XOR
2 1 106 1230 1307 XOR
2 1 1306 1307 1308 AND
2 1 1308 1230 1309 XOR
2 1 1186 1234 1310 XOR
2 1 1306 1310 1311 AND
2 1 1311 1234 1312 XOR
2 1 1189 1239 1313 XOR
2 1 1306 1313 1314 AND
2 1 1314 1239 1315 XOR
2 1 1192 1244 1316 XOR
2 1 1306 1316 1317 AND
2 1 1317 1244 1318 XOR
2 1 1195 1249 1319 XOR
2 1 1306 1319 1320 AND
2 1 1320 1249 1321 XOR
2 1 1198 1254 1322 XOR
2 1 1306 1322 1323 AND
2 1 1323 1254 1324 XOR
2 1 1201 1259 1325 XOR
2 1 1306 1325 1326 AND
2 1 1326 1259 1327 XOR
2 1 1204 1264 1328 XOR
2 1 1306 1328 1329 AND
2 1 1329 1264 1330 XOR
2 1 1207 1269 1331 XOR
2 1 1306 1331 1332 AND
2 1 1332 1269 1333 XOR
2 1 1210 1274 1334 XOR
2 1 1306 1334 1335 AND
2 1 1335 1274 1336 XOR
2 1 1213 1279 1337 XOR
2 1 1306 1337 1338 AND
2 1 1338 1279 1339 XOR
2 1 1216 1284 1340 XOR
2 1 1306 1340 1341 AND
2 1 1341 1284 1342 XOR
2 1 1219 1289 1343 XOR
2 1 1306 1343 1344 AND
2 1 1344 1289 1345 XOR
2 1 1222 1294 1346 XOR
2 1 1306 1346 1347 AND
2 1 1347 1294 1348 XOR
2 1 1225 1299 1349 XOR
2 1 1306 1349 1350 AND
2 1 1350 1299 1351 XOR
2 1 1228 1304 1352 XOR
2 1 1306 1352 1353 AND
2 1 1353 1304 1354 XOR
1 1 1306 1355 INV
2 1 1355 212 1356 XOR
2 1 1356 212 1357 XOR
2 1 212 1356 1358 AND
2 1 1229 212 1359 XOR
2 1 1359 1358 1360 XOR
2 1 1358 1359 1361 AND
2 1 1108 212 1362 XOR
2 1 1362 1361 1363 XOR
2 1 1361 1362 1364 AND
2 1 995 212 1365 XOR
2 1 1365 1364 1366 XOR
2 1 1364 1365 1367 AND
2 1 890 212 1368 XOR
2 1 1368 1367 1369 XOR
2 1 1367 1368 1370 AND
2 1 793 212 1371 XOR
2 1 1371 1370 1372 XOR
2 1 1370 1371 1373 AND
2 1 704 212 1374 XOR
2 1 1374 1373 1375 XOR
2 1 1373 1374 1376 AND
2 1 623 212 1377 XOR
2 1 1377 1376 1378 XOR
2 1 1376 1377 1379 AND
2 1 550 212 1380 XOR
2 1 1380 1379 1381 XOR
2 1 1379 1380 1382 AND
2 1 485 212 1383 XOR
2 1 1383 1382 1384 XOR
2 1 1382 1383 1385 AND
2 1 428 212 1386 XOR
2 1 1386 1385 1387 XOR
2 1 1385 1386 1388 AND
2 1 379 212 1389 XOR
2 1 1389 1388 1390 XOR
2 1 1388 1389 1391 AND
2 1 338 212 1392 XOR
2 1 1392 1391 1393 XOR
2 1 1391 1392 1394 AND
2 1 305 212 1395 XOR
2 1 1395 1394 1396 XOR
2 1 1394 1395 1397 AND
2 1 280 212 1398 XOR
2 1 1398 1397 1399 XOR
2 1 1397 1398 1400 AND
2 1 212 1400 1401 XOR
2 1 1401 263 1402 XOR
2 1 0 0 1403 XOR
2 1 1403 1357 1404 XOR
2 1 1403 1360 1405 XOR
2 1 1403 1363 1406 XOR
2 1 1403 1366 1407 XOR
2 1 1403 1369 1408 XOR
2 1 1403 1372 1409 XOR
2 1 1403 1375 1410 XOR
2 1 1403 1378 1411 XOR
2 1 1403 1381 1412 XOR
2 1 1403 1384 1413 XOR
2 1 1403 1387 1414 XOR
2 1 1403 1390 1415 XOR
2 1 1403 1393 1416 XOR
2 1 1403 1396 1417 XOR
2 1 1403 1399 1418 XOR
2 1 1403 1402 1419 XOR
