428 444
8 8 8
                                                                                                                                                                                          
2 1 0 7 16 XOR
2 1 0 7 17 AND
2 1 1 17 18 XOR
2 1 7 17 19 XOR
2 1 1 19 20 XOR
2 1 18 19 21 AND
2 1 17 21 22 XOR
2 1 2 22 23 XOR
2 1 7 22 24 XOR
2 1 2 24 25 XOR
2 1 23 24 26 AND
2 1 22 26 27 XOR
2 1 3 27 28 XOR
2 1 7 27 29 XOR
2 1 3 29 30 XOR
2 1 28 29 31 AND
2 1 27 31 32 XOR
2 1 4 32 33 XOR
2 1 7 32 34 XOR
2 1 4 34 35 XOR
2 1 33 34 36 AND
2 1 32 36 37 XOR
2 1 5 37 38 XOR
2 1 7 37 39 XOR
2 1 5 39 40 XOR
2 1 38 39 41 AND
2 1 37 41 42 XOR
2 1 6 42 43 XOR
2 1 7 42 44 XOR
2 1 6 44 45 XOR
2 1 43 44 46 AND
2 1 42 46 47 XOR
2 1 47 7 48 XOR
2 1 48 7 49 XOR
2 1 16 7 50 XOR
2 1 20 7 51 XOR
2 1 25 7 52 XOR
2 1 30 7 53 XOR
2 1 35 7 54 XOR
2 1 40 7 55 XOR
2 1 45 7 56 XOR
2 1 49 7 57 XOR
2 1 8 15 58 XOR
2 1 8 15 59 AND
2 1 9 59 60 XOR
2 1 15 59 61 XOR
2 1 9 61 62 XOR
2 1 60 61 63 AND
2 1 59 63 64 XOR
2 1 10 64 65 XOR
2 1 15 64 66 XOR
2 1 10 66 67 XOR
2 1 65 66 68 AND
2 1 64 68 69 XOR
2 1 11 69 70 XOR
2 1 15 69 71 XOR
2 1 11 71 72 XOR
2 1 70 71 73 AND
2 1 69 73 74 XOR
2 1 12 74 75 XOR
2 1 15 74 76 XOR
2 1 12 76 77 XOR
2 1 75 76 78 AND
2 1 74 78 79 XOR
2 1 13 79 80 XOR
2 1 15 79 81 XOR
2 1 13 81 82 XOR
2 1 80 81 83 AND
2 1 79 83 84 XOR
2 1 14 84 85 XOR
2 1 15 84 86 XOR
2 1 14 86 87 XOR
2 1 85 86 88 AND
2 1 84 88 89 XOR
2 1 89 15 90 XOR
2 1 90 15 91 XOR
2 1 58 15 92 XOR
2 1 62 15 93 XOR
2 1 67 15 94 XOR
2 1 72 15 95 XOR
2 1 77 15 96 XOR
2 1 82 15 97 XOR
2 1 87 15 98 XOR
2 1 91 15 99 XOR
2 1 7 15 100 XOR
2 1 99 98 101 AND
2 1 99 98 102 XOR
2 1 102 101 103 XOR
2 1 103 97 104 AND
2 1 103 97 105 XOR
2 1 105 104 106 XOR
2 1 106 96 107 AND
2 1 106 96 108 XOR
2 1 108 107 109 XOR
2 1 109 95 110 AND
2 1 109 95 111 XOR
2 1 111 110 112 XOR
2 1 112 94 113 AND
2 1 112 94 114 XOR
2 1 114 113 115 XOR
2 1 115 93 116 AND
2 1 115 93 117 XOR
2 1 117 116 118 XOR
2 1 57 92 119 XOR
2 1 119 92 120 AND
2 1 120 118 121 AND
2 1 120 118 122 XOR
2 1 122 121 123 XOR
2 1 57 119 124 XOR
2 1 123 124 125 AND
2 1 125 119 126 XOR
1 1 123 127 INV
2 1 56 92 128 XOR
2 1 128 92 129 AND
2 1 126 93 130 XOR
2 1 129 93 131 XOR
2 1 130 129 132 XOR
2 1 130 131 133 AND
2 1 129 133 134 XOR
2 1 134 115 135 AND
2 1 134 115 136 XOR
2 1 136 135 137 XOR
2 1 56 128 138 XOR
2 1 137 138 139 AND
2 1 139 128 140 XOR
2 1 126 132 141 XOR
2 1 137 141 142 AND
2 1 142 132 143 XOR
1 1 137 144 INV
2 1 55 92 145 XOR
2 1 145 92 146 AND
2 1 140 93 147 XOR
2 1 146 93 148 XOR
2 1 147 146 149 XOR
2 1 147 148 150 AND
2 1 146 150 151 XOR
2 1 143 94 152 XOR
2 1 151 94 153 XOR
2 1 152 151 154 XOR
2 1 152 153 155 AND
2 1 151 155 156 XOR
2 1 156 112 157 AND
2 1 156 112 158 XOR
2 1 158 157 159 XOR
2 1 55 145 160 XOR
2 1 159 160 161 AND
2 1 161 145 162 XOR
2 1 140 149 163 XOR
2 1 159 163 164 AND
2 1 164 149 165 XOR
2 1 143 154 166 XOR
2 1 159 166 167 AND
2 1 167 154 168 XOR
1 1 159 169 INV
2 1 54 92 170 XOR
2 1 170 92 171 AND
2 1 162 93 172 XOR
2 1 171 93 173 XOR
2 1 172 171 174 XOR
2 1 172 173 175 AND
2 1 171 175 176 XOR
2 1 165 94 177 XOR
2 1 176 94 178 XOR
2 1 177 176 179 XOR
2 1 177 178 180 AND
2 1 176 180 181 XOR
2 1 168 95 182 XOR
2 1 181 95 183 XOR
2 1 182 181 184 XOR
2 1 182 183 185 AND
2 1 181 185 186 XOR
2 1 186 109 187 AND
2 1 186 109 188 XOR
2 1 188 187 189 XOR
2 1 54 170 190 XOR
2 1 189 190 191 AND
2 1 191 170 192 XOR
2 1 162 174 193 XOR
2 1 189 193 194 AND
2 1 194 174 195 XOR
2 1 165 179 196 XOR
2 1 189 196 197 AND
2 1 197 179 198 XOR
2 1 168 184 199 XOR
2 1 189 199 200 AND
2 1 200 184 201 XOR
1 1 189 202 INV
2 1 53 92 203 XOR
2 1 203 92 204 AND
2 1 192 93 205 XOR
2 1 204 93 206 XOR
2 1 205 204 207 XOR
2 1 205 206 208 AND
2 1 204 208 209 XOR
2 1 195 94 210 XOR
2 1 209 94 211 XOR
2 1 210 209 212 XOR
2 1 210 211 213 AND
2 1 209 213 214 XOR
2 1 198 95 215 XOR
2 1 214 95 216 XOR
2 1 215 214 217 XOR
2 1 215 216 218 AND
2 1 214 218 219 XOR
2 1 201 96 220 XOR
2 1 219 96 221 XOR
2 1 220 219 222 XOR
2 1 220 221 223 AND
2 1 219 223 224 XOR
2 1 224 106 225 AND
2 1 224 106 226 XOR
2 1 226 225 227 XOR
2 1 53 203 228 XOR
2 1 227 228 229 AND
2 1 229 203 230 XOR
2 1 192 207 231 XOR
2 1 227 231 232 AND
2 1 232 207 233 XOR
2 1 195 212 234 XOR
2 1 227 234 235 AND
2 1 235 212 236 XOR
2 1 198 217 237 XOR
2 1 227 237 238 AND
2 1 238 217 239 XOR
2 1 201 222 240 XOR
2 1 227 240 241 AND
2 1 241 222 242 XOR
1 1 227 243 INV
2 1 52 92 244 XOR
2 1 244 92 245 AND
2 1 230 93 246 XOR
2 1 245 93 247 XOR
2 1 246 245 248 XOR
2 1 246 247 249 AND
2 1 245 249 250 XOR
2 1 233 94 251 XOR
2 1 250 94 252 XOR
2 1 251 250 253 XOR
2 1 251 252 254 AND
2 1 250 254 255 XOR
2 1 236 95 256 XOR
2 1 255 95 257 XOR
2 1 256 255 258 XOR
2 1 256 257 259 AND
2 1 255 259 260 XOR
2 1 239 96 261 XOR
2 1 260 96 262 XOR
2 1 261 260 263 XOR
2 1 261 262 264 AND
2 1 260 264 265 XOR
2 1 242 97 266 XOR
2 1 265 97 267 XOR
2 1 266 265 268 XOR
2 1 266 267 269 AND
2 1 265 269 270 XOR
2 1 270 103 271 AND
2 1 270 103 272 XOR
2 1 272 271 273 XOR
2 1 52 244 274 XOR
2 1 273 274 275 AND
2 1 275 244 276 XOR
2 1 230 248 277 XOR
2 1 273 277 278 AND
2 1 278 248 279 XOR
2 1 233 253 280 XOR
2 1 273 280 281 AND
2 1 281 253 282 XOR
2 1 236 258 283 XOR
2 1 273 283 284 AND
2 1 284 258 285 XOR
2 1 239 263 286 XOR
2 1 273 286 287 AND
2 1 287 263 288 XOR
2 1 242 268 289 XOR
2 1 273 289 290 AND
2 1 290 268 291 XOR
1 1 273 292 INV
2 1 51 92 293 XOR
2 1 293 92 294 AND
2 1 276 93 295 XOR
2 1 294 93 296 XOR
2 1 295 294 297 XOR
2 1 295 296 298 AND
2 1 294 298 299 XOR
2 1 279 94 300 XOR
2 1 299 94 301 XOR
2 1 300 299 302 XOR
2 1 300 301 303 AND
2 1 299 303 304 XOR
2 1 282 95 305 XOR
2 1 304 95 306 XOR
2 1 305 304 307 XOR
2 1 305 306 308 AND
2 1 304 308 309 XOR
2 1 285 96 310 XOR
2 1 309 96 311 XOR
2 1 310 309 312 XOR
2 1 310 311 313 AND
2 1 309 313 314 XOR
2 1 288 97 315 XOR
2 1 314 97 316 XOR
2 1 315 314 317 XOR
2 1 315 316 318 AND
2 1 314 318 319 XOR
2 1 291 98 320 XOR
2 1 319 98 321 XOR
2 1 320 319 322 XOR
2 1 320 321 323 AND
2 1 319 323 324 XOR
2 1 324 99 325 AND
2 1 324 99 326 XOR
2 1 326 325 327 XOR
2 1 51 293 328 XOR
2 1 327 328 329 AND
2 1 329 293 330 XOR
2 1 276 297 331 XOR
2 1 327 331 332 AND
2 1 332 297 333 XOR
2 1 279 302 334 XOR
2 1 327 334 335 AND
2 1 335 302 336 XOR
2 1 282 307 337 XOR
2 1 327 337 338 AND
2 1 338 307 339 XOR
2 1 285 312 340 XOR
2 1 327 340 341 AND
2 1 341 312 342 XOR
2 1 288 317 343 XOR
2 1 327 343 344 AND
2 1 344 317 345 XOR
2 1 291 322 346 XOR
2 1 327 346 347 AND
2 1 347 322 348 XOR
1 1 327 349 INV
2 1 50 92 350 XOR
2 1 350 92 351 AND
2 1 330 93 352 XOR
2 1 351 93 353 XOR
2 1 352 351 354 XOR
2 1 352 353 355 AND
2 1 351 355 356 XOR
2 1 333 94 357 XOR
2 1 356 94 358 XOR
2 1 357 356 359 XOR
2 1 357 358 360 AND
2 1 356 360 361 XOR
2 1 336 95 362 XOR
2 1 361 95 363 XOR
2 1 362 361 364 XOR
2 1 362 363 365 AND
2 1 361 365 366 XOR
2 1 339 96 367 XOR
2 1 366 96 368 XOR
2 1 367 366 369 XOR
2 1 367 368 370 AND
2 1 366 370 371 XOR
2 1 342 97 372 XOR
2 1 371 97 373 XOR
2 1 372 371 374 XOR
2 1 372 373 375 AND
2 1 371 375 376 XOR
2 1 345 98 377 XOR
2 1 376 98 378 XOR
2 1 377 376 379 XOR
2 1 377 378 380 AND
2 1 376 380 381 XOR
2 1 348 99 382 XOR
2 1 381 99 383 XOR
2 1 382 381 384 XOR
2 1 382 383 385 AND
2 1 381 385 386 XOR
2 1 50 350 387 XOR
2 1 386 387 388 AND
2 1 388 350 389 XOR
2 1 330 354 390 XOR
2 1 386 390 391 AND
2 1 391 354 392 XOR
2 1 333 359 393 XOR
2 1 386 393 394 AND
2 1 394 359 395 XOR
2 1 336 364 396 XOR
2 1 386 396 397 AND
2 1 397 364 398 XOR
2 1 339 369 399 XOR
2 1 386 399 400 AND
2 1 400 369 401 XOR
2 1 342 374 402 XOR
2 1 386 402 403 AND
2 1 403 374 404 XOR
2 1 345 379 405 XOR
2 1 386 405 406 AND
2 1 406 379 407 XOR
2 1 348 384 408 XOR
2 1 386 408 409 AND
2 1 409 384 410 XOR
1 1 386 411 INV
2 1 411 100 412 XOR
2 1 412 100 413 XOR
2 1 100 412 414 AND
2 1 349 100 415 XOR
2 1 415 414 416 XOR
2 1 414 415 417 AND
2 1 292 100 418 XOR
2 1 418 417 419 XOR
2 1 417 418 420 AND
2 1 243 100 421 XOR
2 1 421 420 422 XOR
2 1 420 421 423 AND
2 1 202 100 424 XOR
2 1 424 423 425 XOR
2 1 423 424 426 AND
2 1 169 100 427 XOR
2 1 427 426 428 XOR
2 1 426 427 429 AND
2 1 144 100 430 XOR
2 1 430 429 431 XOR
2 1 429 430 432 AND
2 1 100 432 433 XOR
2 1 433 127 434 XOR
2 1 0 0 435 XOR
2 1 435 413 436 XOR
2 1 435 416 437 XOR
2 1 435 419 438 XOR
2 1 435 422 439 XOR
2 1 435 425 440 XOR
2 1 435 428 441 XOR
2 1 435 431 442 XOR
2 1 435 434 443 XOR
