82 114
16 16 1
                                                                                                                                                                                         
2 1 0 16 32 XOR
2 1 32 16 33 AND
2 1 1 17 34 XOR
2 1 33 17 35 XOR
2 1 34 33 36 XOR
2 1 34 35 37 AND
2 1 33 37 38 XOR
2 1 2 18 39 XOR
2 1 38 18 40 XOR
2 1 39 38 41 XOR
2 1 39 40 42 AND
2 1 38 42 43 XOR
2 1 3 19 44 XOR
2 1 43 19 45 XOR
2 1 44 43 46 XOR
2 1 44 45 47 AND
2 1 43 47 48 XOR
2 1 4 20 49 XOR
2 1 48 20 50 XOR
2 1 49 48 51 XOR
2 1 49 50 52 AND
2 1 48 52 53 XOR
2 1 5 21 54 XOR
2 1 53 21 55 XOR
2 1 54 53 56 XOR
2 1 54 55 57 AND
2 1 53 57 58 XOR
2 1 6 22 59 XOR
2 1 58 22 60 XOR
2 1 59 58 61 XOR
2 1 59 60 62 AND
2 1 58 62 63 XOR
2 1 7 23 64 XOR
2 1 63 23 65 XOR
2 1 64 63 66 XOR
2 1 64 65 67 AND
2 1 63 67 68 XOR
2 1 8 24 69 XOR
2 1 68 24 70 XOR
2 1 69 68 71 XOR
2 1 69 70 72 AND
2 1 68 72 73 XOR
2 1 9 25 74 XOR
2 1 73 25 75 XOR
2 1 74 73 76 XOR
2 1 74 75 77 AND
2 1 73 77 78 XOR
2 1 10 26 79 XOR
2 1 78 26 80 XOR
2 1 79 78 81 XOR
2 1 79 80 82 AND
2 1 78 82 83 XOR
2 1 11 27 84 XOR
2 1 83 27 85 XOR
2 1 84 83 86 XOR
2 1 84 85 87 AND
2 1 83 87 88 XOR
2 1 12 28 89 XOR
2 1 88 28 90 XOR
2 1 89 88 91 XOR
2 1 89 90 92 AND
2 1 88 92 93 XOR
2 1 13 29 94 XOR
2 1 93 29 95 XOR
2 1 94 93 96 XOR
2 1 94 95 97 AND
2 1 93 97 98 XOR
2 1 14 30 99 XOR
2 1 98 30 100 XOR
2 1 99 98 101 XOR
2 1 99 100 102 AND
2 1 98 102 103 XOR
2 1 15 31 104 XOR
2 1 103 31 105 XOR
2 1 104 103 106 XOR
2 1 104 105 107 AND
2 1 103 107 108 XOR
2 1 15 31 109 XOR
2 1 109 108 110 XOR
1 1 110 111 INV
2 1 0 0 112 XOR
2 1 112 111 113 XOR
