322 450
64 64 1
                                                                                                                                                                                        
2 1 0 64 128 XOR
2 1 128 64 129 AND
2 1 1 65 130 XOR
2 1 129 65 131 XOR
2 1 130 129 132 XOR
2 1 130 131 133 AND
2 1 129 133 134 XOR
2 1 2 66 135 XOR
2 1 134 66 136 XOR
2 1 135 134 137 XOR
2 1 135 136 138 AND
2 1 134 138 139 XOR
2 1 3 67 140 XOR
2 1 139 67 141 XOR
2 1 140 139 142 XOR
2 1 140 141 143 AND
2 1 139 143 144 XOR
2 1 4 68 145 XOR
2 1 144 68 146 XOR
2 1 145 144 147 XOR
2 1 145 146 148 AND
2 1 144 148 149 XOR
2 1 5 69 150 XOR
2 1 149 69 151 XOR
2 1 150 149 152 XOR
2 1 150 151 153 AND
2 1 149 153 154 XOR
2 1 6 70 155 XOR
2 1 154 70 156 XOR
2 1 155 154 157 XOR
2 1 155 156 158 AND
2 1 154 158 159 XOR
2 1 7 71 160 XOR
2 1 159 71 161 XOR
2 1 160 159 162 XOR
2 1 160 161 163 AND
2 1 159 163 164 XOR
2 1 8 72 165 XOR
2 1 164 72 166 XOR
2 1 165 164 167 XOR
2 1 165 166 168 AND
2 1 164 168 169 XOR
2 1 9 73 170 XOR
2 1 169 73 171 XOR
2 1 170 169 172 XOR
2 1 170 171 173 AND
2 1 169 173 174 XOR
2 1 10 74 175 XOR
2 1 174 74 176 XOR
2 1 175 174 177 XOR
2 1 175 176 178 AND
2 1 174 178 179 XOR
2 1 11 75 180 XOR
2 1 179 75 181 XOR
2 1 180 179 182 XOR
2 1 180 181 183 AND
2 1 179 183 184 XOR
2 1 12 76 185 XOR
2 1 184 76 186 XOR
2 1 185 184 187 XOR
2 1 185 186 188 AND
2 1 184 188 189 XOR
2 1 13 77 190 XOR
2 1 189 77 191 XOR
2 1 190 189 192 XOR
2 1 190 191 193 AND
2 1 189 193 194 XOR
2 1 14 78 195 XOR
2 1 194 78 196 XOR
2 1 195 194 197 XOR
2 1 195 196 198 AND
2 1 194 198 199 XOR
2 1 15 79 200 XOR
2 1 199 79 201 XOR
2 1 200 199 202 XOR
2 1 200 201 203 AND
2 1 199 203 204 XOR
2 1 16 80 205 XOR
2 1 204 80 206 XOR
2 1 205 204 207 XOR
2 1 205 206 208 AND
2 1 204 208 209 XOR
2 1 17 81 210 XOR
2 1 209 81 211 XOR
2 1 210 209 212 XOR
2 1 210 211 213 AND
2 1 209 213 214 XOR
2 1 18 82 215 XOR
2 1 214 82 216 XOR
2 1 215 214 217 XOR
2 1 215 216 218 AND
2 1 214 218 219 XOR
2 1 19 83 220 XOR
2 1 219 83 221 XOR
2 1 220 219 222 XOR
2 1 220 221 223 AND
2 1 219 223 224 XOR
2 1 20 84 225 XOR
2 1 224 84 226 XOR
2 1 225 224 227 XOR
2 1 225 226 228 AND
2 1 224 228 229 XOR
2 1 21 85 230 XOR
2 1 229 85 231 XOR
2 1 230 229 232 XOR
2 1 230 231 233 AND
2 1 229 233 234 XOR
2 1 22 86 235 XOR
2 1 234 86 236 XOR
2 1 235 234 237 XOR
2 1 235 236 238 AND
2 1 234 238 239 XOR
2 1 23 87 240 XOR
2 1 239 87 241 XOR
2 1 240 239 242 XOR
2 1 240 241 243 AND
2 1 239 243 244 XOR
2 1 24 88 245 XOR
2 1 244 88 246 XOR
2 1 245 244 247 XOR
2 1 245 246 248 AND
2 1 244 248 249 XOR
2 1 25 89 250 XOR
2 1 249 89 251 XOR
2 1 250 249 252 XOR
2 1 250 251 253 AND
2 1 249 253 254 XOR
2 1 26 90 255 XOR
2 1 254 90 256 XOR
2 1 255 254 257 XOR
2 1 255 256 258 AND
2 1 254 258 259 XOR
2 1 27 91 260 XOR
2 1 259 91 261 XOR
2 1 260 259 262 XOR
2 1 260 261 263 AND
2 1 259 263 264 XOR
2 1 28 92 265 XOR
2 1 264 92 266 XOR
2 1 265 264 267 XOR
2 1 265 266 268 AND
2 1 264 268 269 XOR
2 1 29 93 270 XOR
2 1 269 93 271 XOR
2 1 270 269 272 XOR
2 1 270 271 273 AND
2 1 269 273 274 XOR
2 1 30 94 275 XOR
2 1 274 94 276 XOR
2 1 275 274 277 XOR
2 1 275 276 278 AND
2 1 274 278 279 XOR
2 1 31 95 280 XOR
2 1 279 95 281 XOR
2 1 280 279 282 XOR
2 1 280 281 283 AND
2 1 279 283 284 XOR
2 1 32 96 285 XOR
2 1 284 96 286 XOR
2 1 285 284 287 XOR
2 1 285 286 288 AND
2 1 284 288 289 XOR
2 1 33 97 290 XOR
2 1 289 97 291 XOR
2 1 290 289 292 XOR
2 1 290 291 293 AND
2 1 289 293 294 XOR
2 1 34 98 295 XOR
2 1 294 98 296 XOR
2 1 295 294 297 XOR
2 1 295 296 298 AND
2 1 294 298 299 XOR
2 1 35 99 300 XOR
2 1 299 99 301 XOR
2 1 300 299 302 XOR
2 1 300 301 303 AND
2 1 299 303 304 XOR
2 1 36 100 305 XOR
2 1 304 100 306 XOR
2 1 305 304 307 XOR
2 1 305 306 308 AND
2 1 304 308 309 XOR
2 1 37 101 310 XOR
2 1 309 101 311 XOR
2 1 310 309 312 XOR
2 1 310 311 313 AND
2 1 309 313 314 XOR
2 1 38 102 315 XOR
2 1 314 102 316 XOR
2 1 315 314 317 XOR
2 1 315 316 318 AND
2 1 314 318 319 XOR
2 1 39 103 320 XOR
2 1 319 103 321 XOR
2 1 320 319 322 XOR
2 1 320 321 323 AND
2 1 319 323 324 XOR
2 1 40 104 325 XOR
2 1 324 104 326 XOR
2 1 325 324 327 XOR
2 1 325 326 328 AND
2 1 324 328 329 XOR
2 1 41 105 330 XOR
2 1 329 105 331 XOR
2 1 330 329 332 XOR
2 1 330 331 333 AND
2 1 329 333 334 XOR
2 1 42 106 335 XOR
2 1 334 106 336 XOR
2 1 335 334 337 XOR
2 1 335 336 338 AND
2 1 334 338 339 XOR
2 1 43 107 340 XOR
2 1 339 107 341 XOR
2 1 340 339 342 XOR
2 1 340 341 343 AND
2 1 339 343 344 XOR
2 1 44 108 345 XOR
2 1 344 108 346 XOR
2 1 345 344 347 XOR
2 1 345 346 348 AND
2 1 344 348 349 XOR
2 1 45 109 350 XOR
2 1 349 109 351 XOR
2 1 350 349 352 XOR
2 1 350 351 353 AND
2 1 349 353 354 XOR
2 1 46 110 355 XOR
2 1 354 110 356 XOR
2 1 355 354 357 XOR
2 1 355 356 358 AND
2 1 354 358 359 XOR
2 1 47 111 360 XOR
2 1 359 111 361 XOR
2 1 360 359 362 XOR
2 1 360 361 363 AND
2 1 359 363 364 XOR
2 1 48 112 365 XOR
2 1 364 112 366 XOR
2 1 365 364 367 XOR
2 1 365 366 368 AND
2 1 364 368 369 XOR
2 1 49 113 370 XOR
2 1 369 113 371 XOR
2 1 370 369 372 XOR
2 1 370 371 373 AND
2 1 369 373 374 XOR
2 1 50 114 375 XOR
2 1 374 114 376 XOR
2 1 375 374 377 XOR
2 1 375 376 378 AND
2 1 374 378 379 XOR
2 1 51 115 380 XOR
2 1 379 115 381 XOR
2 1 380 379 382 XOR
2 1 380 381 383 AND
2 1 379 383 384 XOR
2 1 52 116 385 XOR
2 1 384 116 386 XOR
2 1 385 384 387 XOR
2 1 385 386 388 AND
2 1 384 388 389 XOR
2 1 53 117 390 XOR
2 1 389 117 391 XOR
2 1 390 389 392 XOR
2 1 390 391 393 AND
2 1 389 393 394 XOR
2 1 54 118 395 XOR
2 1 394 118 396 XOR
2 1 395 394 397 XOR
2 1 395 396 398 AND
2 1 394 398 399 XOR
2 1 55 119 400 XOR
2 1 399 119 401 XOR
2 1 400 399 402 XOR
2 1 400 401 403 AND
2 1 399 403 404 XOR
2 1 56 120 405 XOR
2 1 404 120 406 XOR
2 1 405 404 407 XOR
2 1 405 406 408 AND
2 1 404 408 409 XOR
2 1 57 121 410 XOR
2 1 409 121 411 XOR
2 1 410 409 412 XOR
2 1 410 411 413 AND
2 1 409 413 414 XOR
2 1 58 122 415 XOR
2 1 414 122 416 XOR
2 1 415 414 417 XOR
2 1 415 416 418 AND
2 1 414 418 419 XOR
2 1 59 123 420 XOR
2 1 419 123 421 XOR
2 1 420 419 422 XOR
2 1 420 421 423 AND
2 1 419 423 424 XOR
2 1 60 124 425 XOR
2 1 424 124 426 XOR
2 1 425 424 427 XOR
2 1 425 426 428 AND
2 1 424 428 429 XOR
2 1 61 125 430 XOR
2 1 429 125 431 XOR
2 1 430 429 432 XOR
2 1 430 431 433 AND
2 1 429 433 434 XOR
2 1 62 126 435 XOR
2 1 434 126 436 XOR
2 1 435 434 437 XOR
2 1 435 436 438 AND
2 1 434 438 439 XOR
2 1 63 127 440 XOR
2 1 439 127 441 XOR
2 1 440 439 442 XOR
2 1 440 441 443 AND
2 1 439 443 444 XOR
2 1 63 127 445 XOR
2 1 445 444 446 XOR
1 1 446 447 INV
2 1 0 0 448 XOR
2 1 448 447 449 XOR
