452 516
32 32 1
                                                                                                                                                                                        
1 1 44 64 INV
2 1 12 64 65 AND
1 1 65 66 INV
1 1 52 67 INV
2 1 20 67 68 AND
1 1 68 69 INV
1 1 40 70 INV
2 1 8 70 71 AND
1 1 71 72 INV
1 1 36 73 INV
2 1 4 73 74 AND
1 1 74 75 INV
1 1 48 76 INV
2 1 16 76 77 AND
1 1 77 78 INV
1 1 33 79 INV
2 1 1 79 80 AND
1 1 80 81 INV
2 1 56 55 82 XOR
2 1 56 55 83 AND
2 1 82 83 84 XOR
1 1 84 85 INV
1 1 58 86 INV
1 1 57 87 INV
2 1 86 87 88 AND
2 1 85 88 89 AND
1 1 60 90 INV
1 1 59 91 INV
2 1 90 91 92 AND
1 1 62 93 INV
1 1 61 94 INV
2 1 93 94 95 AND
2 1 92 95 96 AND
2 1 89 96 97 AND
1 1 97 98 INV
2 1 63 98 99 AND
1 1 24 100 INV
1 1 23 101 INV
2 1 100 101 102 AND
1 1 26 103 INV
1 1 25 104 INV
2 1 103 104 105 AND
2 1 102 105 106 AND
1 1 28 107 INV
1 1 27 108 INV
2 1 107 108 109 AND
1 1 30 110 INV
1 1 29 111 INV
2 1 110 111 112 AND
2 1 109 112 113 AND
2 1 106 113 114 AND
1 1 114 115 INV
2 1 31 115 116 AND
2 1 99 116 117 XOR
1 1 117 118 INV
1 1 53 119 INV
2 1 21 119 120 AND
1 1 120 121 INV
1 1 20 122 INV
2 1 121 122 123 AND
2 1 52 123 124 AND
1 1 124 125 INV
1 1 21 126 INV
2 1 53 126 127 AND
1 1 127 128 INV
2 1 125 128 129 AND
1 1 17 130 INV
2 1 49 130 131 AND
1 1 131 132 INV
1 1 49 133 INV
2 1 17 133 134 AND
1 1 134 135 INV
1 1 16 136 INV
2 1 135 136 137 AND
2 1 48 137 138 AND
1 1 138 139 INV
2 1 132 139 140 AND
1 1 140 141 INV
1 1 50 142 INV
2 1 18 142 143 AND
1 1 143 144 INV
1 1 51 145 INV
2 1 19 145 146 AND
1 1 146 147 INV
2 1 144 147 148 AND
1 1 148 149 INV
1 1 149 150 INV
2 1 141 150 151 AND
1 1 151 152 INV
1 1 19 153 INV
2 1 51 153 154 AND
1 1 154 155 INV
2 1 152 155 156 AND
1 1 18 157 INV
2 1 147 157 158 AND
2 1 158 50 159 AND
1 1 159 160 INV
2 1 156 160 161 AND
1 1 161 162 INV
2 1 69 121 163 AND
1 1 163 164 INV
1 1 164 165 INV
2 1 162 165 166 AND
1 1 166 167 INV
2 1 129 167 168 AND
1 1 168 169 INV
1 1 54 170 INV
2 1 22 170 171 AND
1 1 171 172 INV
2 1 169 172 173 AND
1 1 173 174 INV
1 1 22 175 INV
2 1 54 175 176 AND
1 1 176 177 INV
2 1 174 177 178 AND
1 1 15 179 INV
2 1 47 179 180 AND
1 1 180 181 INV
1 1 13 182 INV
2 1 45 182 183 AND
1 1 183 184 INV
1 1 45 185 INV
2 1 13 185 186 AND
1 1 186 187 INV
1 1 12 188 INV
2 1 187 188 189 AND
2 1 44 189 190 AND
1 1 190 191 INV
2 1 184 191 192 AND
1 1 192 193 INV
1 1 46 194 INV
2 1 14 194 195 AND
1 1 195 196 INV
1 1 47 197 INV
2 1 15 197 198 AND
1 1 198 199 INV
2 1 196 199 200 AND
1 1 200 201 INV
1 1 201 202 INV
2 1 193 202 203 AND
1 1 203 204 INV
2 1 181 204 205 AND
1 1 14 206 INV
2 1 199 206 207 AND
2 1 207 46 208 AND
1 1 208 209 INV
1 1 9 210 INV
2 1 41 210 211 AND
1 1 211 212 INV
1 1 41 213 INV
2 1 9 213 214 AND
1 1 214 215 INV
1 1 8 216 INV
2 1 215 216 217 AND
2 1 40 217 218 AND
1 1 218 219 INV
2 1 212 219 220 AND
1 1 220 221 INV
1 1 42 222 INV
2 1 10 222 223 AND
1 1 223 224 INV
1 1 43 225 INV
2 1 11 225 226 AND
1 1 226 227 INV
2 1 224 227 228 AND
1 1 228 229 INV
1 1 229 230 INV
2 1 221 230 231 AND
1 1 231 232 INV
1 1 11 233 INV
2 1 43 233 234 AND
1 1 234 235 INV
2 1 232 235 236 AND
1 1 10 237 INV
2 1 227 237 238 AND
2 1 238 42 239 AND
1 1 239 240 INV
2 1 236 240 241 AND
1 1 241 242 INV
2 1 66 187 243 AND
1 1 201 244 INV
2 1 243 244 245 AND
1 1 245 246 INV
1 1 246 247 INV
2 1 242 247 248 AND
1 1 248 249 INV
2 1 209 249 250 AND
2 1 246 229 251 XOR
2 1 246 229 252 AND
2 1 251 252 253 XOR
1 1 253 254 INV
2 1 72 215 255 AND
1 1 5 256 INV
2 1 37 256 257 AND
1 1 257 258 INV
1 1 37 259 INV
2 1 5 259 260 AND
1 1 260 261 INV
1 1 4 262 INV
2 1 261 262 263 AND
2 1 36 263 264 AND
1 1 264 265 INV
2 1 258 265 266 AND
1 1 266 267 INV
1 1 38 268 INV
2 1 6 268 269 AND
1 1 269 270 INV
1 1 39 271 INV
2 1 7 271 272 AND
1 1 272 273 INV
2 1 270 273 274 AND
1 1 274 275 INV
1 1 275 276 INV
2 1 267 276 277 AND
1 1 277 278 INV
1 1 7 279 INV
2 1 39 279 280 AND
1 1 280 281 INV
2 1 278 281 282 AND
1 1 6 283 INV
2 1 273 283 284 AND
2 1 284 38 285 AND
1 1 285 286 INV
1 1 34 287 INV
2 1 2 287 288 AND
1 1 288 289 INV
1 1 35 290 INV
2 1 3 290 291 AND
1 1 291 292 INV
2 1 289 292 293 AND
1 1 1 294 INV
2 1 33 294 295 AND
1 1 295 296 INV
1 1 0 297 INV
2 1 81 297 298 AND
2 1 298 32 299 AND
1 1 299 300 INV
2 1 296 300 301 AND
1 1 301 302 INV
2 1 293 302 303 AND
1 1 303 304 INV
1 1 3 305 INV
2 1 35 305 306 AND
1 1 306 307 INV
2 1 304 307 308 AND
2 1 2 291 309 XOR
2 1 2 291 310 AND
2 1 309 310 311 XOR
1 1 311 312 INV
2 1 312 34 313 AND
1 1 313 314 INV
2 1 308 314 315 AND
1 1 315 316 INV
1 1 275 317 INV
2 1 316 317 318 AND
2 1 75 261 319 AND
2 1 318 319 320 AND
1 1 320 321 INV
2 1 286 321 322 AND
2 1 282 322 323 AND
1 1 323 324 INV
2 1 255 324 325 AND
2 1 254 325 326 AND
1 1 326 327 INV
2 1 250 327 328 AND
2 1 205 328 329 AND
1 1 329 330 INV
1 1 149 331 INV
2 1 330 331 332 AND
1 1 164 333 INV
2 1 332 333 334 AND
1 1 171 335 INV
2 1 135 335 336 AND
2 1 336 78 337 AND
2 1 334 337 338 AND
1 1 338 339 INV
2 1 178 339 340 AND
1 1 340 341 INV
2 1 24 23 342 AND
2 1 26 25 343 AND
2 1 342 343 344 AND
2 1 28 27 345 AND
2 1 30 29 346 AND
2 1 345 346 347 AND
2 1 344 347 348 AND
1 1 348 349 INV
1 1 97 350 INV
2 1 349 350 351 AND
1 1 351 352 INV
1 1 352 353 INV
2 1 341 353 354 AND
2 1 56 24 355 XOR
2 1 55 101 356 XOR
1 1 356 357 INV
2 1 355 357 358 XOR
2 1 355 357 359 AND
2 1 358 359 360 XOR
1 1 360 361 INV
2 1 58 26 362 XOR
2 1 57 25 363 XOR
2 1 362 363 364 XOR
2 1 362 363 365 AND
2 1 364 365 366 XOR
1 1 366 367 INV
2 1 361 367 368 AND
2 1 60 28 369 XOR
2 1 59 27 370 XOR
2 1 369 370 371 XOR
2 1 369 370 372 AND
2 1 371 372 373 XOR
1 1 373 374 INV
2 1 62 30 375 XOR
2 1 61 29 376 XOR
2 1 375 376 377 XOR
2 1 375 376 378 AND
2 1 377 378 379 XOR
1 1 379 380 INV
2 1 374 380 381 AND
2 1 368 381 382 AND
1 1 382 383 INV
1 1 383 384 INV
2 1 354 384 385 AND
1 1 385 386 INV
2 1 118 386 387 AND
2 1 62 110 388 AND
1 1 388 389 INV
2 1 108 59 390 AND
1 1 390 391 INV
2 1 104 57 392 AND
1 1 392 393 INV
2 1 101 55 394 AND
1 1 394 395 INV
1 1 395 396 INV
2 1 100 396 397 AND
1 1 397 398 INV
1 1 56 399 INV
2 1 398 399 400 AND
1 1 400 401 INV
2 1 24 395 402 AND
1 1 402 403 INV
2 1 401 403 404 AND
2 1 25 87 405 AND
1 1 405 406 INV
2 1 404 406 407 AND
1 1 407 408 INV
2 1 393 408 409 AND
2 1 58 103 410 AND
1 1 410 411 INV
2 1 409 411 412 AND
1 1 412 413 INV
2 1 26 86 414 AND
1 1 414 415 INV
2 1 413 415 416 AND
2 1 27 91 417 AND
1 1 417 418 INV
2 1 416 418 419 AND
1 1 419 420 INV
2 1 391 420 421 AND
2 1 60 107 422 AND
1 1 422 423 INV
2 1 421 423 424 AND
1 1 424 425 INV
2 1 28 90 426 AND
1 1 426 427 INV
2 1 425 427 428 AND
2 1 94 29 429 AND
1 1 429 430 INV
2 1 428 430 431 AND
1 1 431 432 INV
2 1 61 111 433 AND
1 1 433 434 INV
2 1 432 434 435 AND
1 1 435 436 INV
2 1 30 93 437 AND
1 1 437 438 INV
2 1 436 438 439 AND
1 1 439 440 INV
2 1 389 440 441 AND
1 1 441 442 INV
1 1 442 443 INV
2 1 387 443 444 AND
1 1 444 445 INV
2 1 55 56 446 AND
2 1 58 57 447 AND
2 1 446 447 448 AND
2 1 60 59 449 AND
2 1 62 61 450 AND
2 1 449 450 451 AND
2 1 448 451 452 AND
1 1 452 453 INV
2 1 81 289 454 AND
1 1 32 455 INV
2 1 0 455 456 AND
1 1 456 457 INV
2 1 261 457 458 AND
2 1 458 75 459 AND
2 1 454 459 460 AND
1 1 35 461 INV
2 1 3 461 462 AND
1 1 462 463 INV
2 1 72 463 464 AND
2 1 464 273 465 AND
2 1 227 270 466 AND
2 1 466 224 467 AND
2 1 465 467 468 AND
2 1 460 468 469 AND
2 1 196 215 470 AND
2 1 470 187 471 AND
2 1 135 66 472 AND
2 1 472 78 473 AND
2 1 471 473 474 AND
2 1 69 199 475 AND
2 1 475 147 476 AND
1 1 54 477 INV
2 1 22 477 478 AND
1 1 478 479 INV
2 1 479 144 480 AND
2 1 480 121 481 AND
2 1 476 481 482 AND
2 1 474 482 483 AND
2 1 469 483 484 AND
1 1 484 485 INV
2 1 453 485 486 AND
1 1 341 487 INV
2 1 486 487 488 AND
2 1 383 488 489 XOR
2 1 383 488 490 AND
2 1 489 490 491 XOR
2 1 118 491 492 AND
1 1 442 493 INV
2 1 492 493 494 AND
2 1 445 494 495 XOR
2 1 99 495 496 AND
2 1 445 496 497 XOR
1 1 488 498 INV
2 1 340 498 499 AND
1 1 499 500 INV
1 1 352 501 INV
2 1 500 501 502 AND
1 1 502 503 INV
2 1 118 503 504 AND
1 1 383 505 INV
2 1 504 505 506 AND
2 1 497 506 507 XOR
2 1 497 506 508 AND
2 1 507 508 509 XOR
1 1 509 510 INV
2 1 510 506 511 XOR
2 1 510 506 512 AND
2 1 511 512 513 XOR
2 1 0 0 514 XOR
2 1 514 513 515 XOR
