83 115
16 16 1
                                                                                                                                                                                         
2 1 16 0 32 XOR
2 1 32 0 33 AND
2 1 17 1 34 XOR
2 1 33 1 35 XOR
2 1 34 33 36 XOR
2 1 34 35 37 AND
2 1 33 37 38 XOR
2 1 18 2 39 XOR
2 1 38 2 40 XOR
2 1 39 38 41 XOR
2 1 39 40 42 AND
2 1 38 42 43 XOR
2 1 19 3 44 XOR
2 1 43 3 45 XOR
2 1 44 43 46 XOR
2 1 44 45 47 AND
2 1 43 47 48 XOR
2 1 20 4 49 XOR
2 1 48 4 50 XOR
2 1 49 48 51 XOR
2 1 49 50 52 AND
2 1 48 52 53 XOR
2 1 21 5 54 XOR
2 1 53 5 55 XOR
2 1 54 53 56 XOR
2 1 54 55 57 AND
2 1 53 57 58 XOR
2 1 22 6 59 XOR
2 1 58 6 60 XOR
2 1 59 58 61 XOR
2 1 59 60 62 AND
2 1 58 62 63 XOR
2 1 23 7 64 XOR
2 1 63 7 65 XOR
2 1 64 63 66 XOR
2 1 64 65 67 AND
2 1 63 67 68 XOR
2 1 24 8 69 XOR
2 1 68 8 70 XOR
2 1 69 68 71 XOR
2 1 69 70 72 AND
2 1 68 72 73 XOR
2 1 25 9 74 XOR
2 1 73 9 75 XOR
2 1 74 73 76 XOR
2 1 74 75 77 AND
2 1 73 77 78 XOR
2 1 26 10 79 XOR
2 1 78 10 80 XOR
2 1 79 78 81 XOR
2 1 79 80 82 AND
2 1 78 82 83 XOR
2 1 27 11 84 XOR
2 1 83 11 85 XOR
2 1 84 83 86 XOR
2 1 84 85 87 AND
2 1 83 87 88 XOR
2 1 28 12 89 XOR
2 1 88 12 90 XOR
2 1 89 88 91 XOR
2 1 89 90 92 AND
2 1 88 92 93 XOR
2 1 29 13 94 XOR
2 1 93 13 95 XOR
2 1 94 93 96 XOR
2 1 94 95 97 AND
2 1 93 97 98 XOR
2 1 30 14 99 XOR
2 1 98 14 100 XOR
2 1 99 98 101 XOR
2 1 99 100 102 AND
2 1 98 102 103 XOR
2 1 31 15 104 XOR
2 1 103 15 105 XOR
2 1 104 103 106 XOR
2 1 104 105 107 AND
2 1 103 107 108 XOR
2 1 31 15 109 XOR
2 1 109 108 110 XOR
1 1 110 111 INV
1 1 111 112 INV
2 1 0 0 113 XOR
2 1 113 112 114 XOR
