49 81
16 16 1
                                                                                                                                                                                          
2 1 0 16 32 XOR
1 1 32 33 INV
2 1 1 17 34 XOR
1 1 34 35 INV
2 1 33 35 36 AND
2 1 2 18 37 XOR
1 1 37 38 INV
2 1 36 38 39 AND
2 1 3 19 40 XOR
1 1 40 41 INV
2 1 39 41 42 AND
2 1 4 20 43 XOR
1 1 43 44 INV
2 1 42 44 45 AND
2 1 5 21 46 XOR
1 1 46 47 INV
2 1 45 47 48 AND
2 1 6 22 49 XOR
1 1 49 50 INV
2 1 48 50 51 AND
2 1 7 23 52 XOR
1 1 52 53 INV
2 1 51 53 54 AND
2 1 8 24 55 XOR
1 1 55 56 INV
2 1 54 56 57 AND
2 1 9 25 58 XOR
1 1 58 59 INV
2 1 57 59 60 AND
2 1 10 26 61 XOR
1 1 61 62 INV
2 1 60 62 63 AND
2 1 11 27 64 XOR
1 1 64 65 INV
2 1 63 65 66 AND
2 1 12 28 67 XOR
1 1 67 68 INV
2 1 66 68 69 AND
2 1 13 29 70 XOR
1 1 70 71 INV
2 1 69 71 72 AND
2 1 14 30 73 XOR
1 1 73 74 INV
2 1 72 74 75 AND
2 1 15 31 76 XOR
1 1 76 77 INV
2 1 75 77 78 AND
2 1 0 0 79 XOR
2 1 79 78 80 XOR
