25 41
8 8 1
                                                                                                                                                                                            
2 1 0 8 16 XOR
1 1 16 17 INV
2 1 1 9 18 XOR
1 1 18 19 INV
2 1 17 19 20 AND
2 1 2 10 21 XOR
1 1 21 22 INV
2 1 20 22 23 AND
2 1 3 11 24 XOR
1 1 24 25 INV
2 1 23 25 26 AND
2 1 4 12 27 XOR
1 1 27 28 INV
2 1 26 28 29 AND
2 1 5 13 30 XOR
1 1 30 31 INV
2 1 29 31 32 AND
2 1 6 14 33 XOR
1 1 33 34 INV
2 1 32 34 35 AND
2 1 7 15 36 XOR
1 1 36 37 INV
2 1 35 37 38 AND
2 1 0 0 39 XOR
2 1 39 38 40 XOR
