97 161
32 32 1
                                                                                                                                                                                         
2 1 0 32 64 XOR
1 1 64 65 INV
2 1 1 33 66 XOR
1 1 66 67 INV
2 1 65 67 68 AND
2 1 2 34 69 XOR
1 1 69 70 INV
2 1 68 70 71 AND
2 1 3 35 72 XOR
1 1 72 73 INV
2 1 71 73 74 AND
2 1 4 36 75 XOR
1 1 75 76 INV
2 1 74 76 77 AND
2 1 5 37 78 XOR
1 1 78 79 INV
2 1 77 79 80 AND
2 1 6 38 81 XOR
1 1 81 82 INV
2 1 80 82 83 AND
2 1 7 39 84 XOR
1 1 84 85 INV
2 1 83 85 86 AND
2 1 8 40 87 XOR
1 1 87 88 INV
2 1 86 88 89 AND
2 1 9 41 90 XOR
1 1 90 91 INV
2 1 89 91 92 AND
2 1 10 42 93 XOR
1 1 93 94 INV
2 1 92 94 95 AND
2 1 11 43 96 XOR
1 1 96 97 INV
2 1 95 97 98 AND
2 1 12 44 99 XOR
1 1 99 100 INV
2 1 98 100 101 AND
2 1 13 45 102 XOR
1 1 102 103 INV
2 1 101 103 104 AND
2 1 14 46 105 XOR
1 1 105 106 INV
2 1 104 106 107 AND
2 1 15 47 108 XOR
1 1 108 109 INV
2 1 107 109 110 AND
2 1 16 48 111 XOR
1 1 111 112 INV
2 1 110 112 113 AND
2 1 17 49 114 XOR
1 1 114 115 INV
2 1 113 115 116 AND
2 1 18 50 117 XOR
1 1 117 118 INV
2 1 116 118 119 AND
2 1 19 51 120 XOR
1 1 120 121 INV
2 1 119 121 122 AND
2 1 20 52 123 XOR
1 1 123 124 INV
2 1 122 124 125 AND
2 1 21 53 126 XOR
1 1 126 127 INV
2 1 125 127 128 AND
2 1 22 54 129 XOR
1 1 129 130 INV
2 1 128 130 131 AND
2 1 23 55 132 XOR
1 1 132 133 INV
2 1 131 133 134 AND
2 1 24 56 135 XOR
1 1 135 136 INV
2 1 134 136 137 AND
2 1 25 57 138 XOR
1 1 138 139 INV
2 1 137 139 140 AND
2 1 26 58 141 XOR
1 1 141 142 INV
2 1 140 142 143 AND
2 1 27 59 144 XOR
1 1 144 145 INV
2 1 143 145 146 AND
2 1 28 60 147 XOR
1 1 147 148 INV
2 1 146 148 149 AND
2 1 29 61 150 XOR
1 1 150 151 INV
2 1 149 151 152 AND
2 1 30 62 153 XOR
1 1 153 154 INV
2 1 152 154 155 AND
2 1 31 63 156 XOR
1 1 156 157 INV
2 1 155 157 158 AND
2 1 0 0 159 XOR
2 1 159 158 160 XOR
