193 321
64 64 1
                                                                                                                                                                                        
2 1 0 64 128 XOR
1 1 128 129 INV
2 1 1 65 130 XOR
1 1 130 131 INV
2 1 129 131 132 AND
2 1 2 66 133 XOR
1 1 133 134 INV
2 1 132 134 135 AND
2 1 3 67 136 XOR
1 1 136 137 INV
2 1 135 137 138 AND
2 1 4 68 139 XOR
1 1 139 140 INV
2 1 138 140 141 AND
2 1 5 69 142 XOR
1 1 142 143 INV
2 1 141 143 144 AND
2 1 6 70 145 XOR
1 1 145 146 INV
2 1 144 146 147 AND
2 1 7 71 148 XOR
1 1 148 149 INV
2 1 147 149 150 AND
2 1 8 72 151 XOR
1 1 151 152 INV
2 1 150 152 153 AND
2 1 9 73 154 XOR
1 1 154 155 INV
2 1 153 155 156 AND
2 1 10 74 157 XOR
1 1 157 158 INV
2 1 156 158 159 AND
2 1 11 75 160 XOR
1 1 160 161 INV
2 1 159 161 162 AND
2 1 12 76 163 XOR
1 1 163 164 INV
2 1 162 164 165 AND
2 1 13 77 166 XOR
1 1 166 167 INV
2 1 165 167 168 AND
2 1 14 78 169 XOR
1 1 169 170 INV
2 1 168 170 171 AND
2 1 15 79 172 XOR
1 1 172 173 INV
2 1 171 173 174 AND
2 1 16 80 175 XOR
1 1 175 176 INV
2 1 174 176 177 AND
2 1 17 81 178 XOR
1 1 178 179 INV
2 1 177 179 180 AND
2 1 18 82 181 XOR
1 1 181 182 INV
2 1 180 182 183 AND
2 1 19 83 184 XOR
1 1 184 185 INV
2 1 183 185 186 AND
2 1 20 84 187 XOR
1 1 187 188 INV
2 1 186 188 189 AND
2 1 21 85 190 XOR
1 1 190 191 INV
2 1 189 191 192 AND
2 1 22 86 193 XOR
1 1 193 194 INV
2 1 192 194 195 AND
2 1 23 87 196 XOR
1 1 196 197 INV
2 1 195 197 198 AND
2 1 24 88 199 XOR
1 1 199 200 INV
2 1 198 200 201 AND
2 1 25 89 202 XOR
1 1 202 203 INV
2 1 201 203 204 AND
2 1 26 90 205 XOR
1 1 205 206 INV
2 1 204 206 207 AND
2 1 27 91 208 XOR
1 1 208 209 INV
2 1 207 209 210 AND
2 1 28 92 211 XOR
1 1 211 212 INV
2 1 210 212 213 AND
2 1 29 93 214 XOR
1 1 214 215 INV
2 1 213 215 216 AND
2 1 30 94 217 XOR
1 1 217 218 INV
2 1 216 218 219 AND
2 1 31 95 220 XOR
1 1 220 221 INV
2 1 219 221 222 AND
2 1 32 96 223 XOR
1 1 223 224 INV
2 1 222 224 225 AND
2 1 33 97 226 XOR
1 1 226 227 INV
2 1 225 227 228 AND
2 1 34 98 229 XOR
1 1 229 230 INV
2 1 228 230 231 AND
2 1 35 99 232 XOR
1 1 232 233 INV
2 1 231 233 234 AND
2 1 36 100 235 XOR
1 1 235 236 INV
2 1 234 236 237 AND
2 1 37 101 238 XOR
1 1 238 239 INV
2 1 237 239 240 AND
2 1 38 102 241 XOR
1 1 241 242 INV
2 1 240 242 243 AND
2 1 39 103 244 XOR
1 1 244 245 INV
2 1 243 245 246 AND
2 1 40 104 247 XOR
1 1 247 248 INV
2 1 246 248 249 AND
2 1 41 105 250 XOR
1 1 250 251 INV
2 1 249 251 252 AND
2 1 42 106 253 XOR
1 1 253 254 INV
2 1 252 254 255 AND
2 1 43 107 256 XOR
1 1 256 257 INV
2 1 255 257 258 AND
2 1 44 108 259 XOR
1 1 259 260 INV
2 1 258 260 261 AND
2 1 45 109 262 XOR
1 1 262 263 INV
2 1 261 263 264 AND
2 1 46 110 265 XOR
1 1 265 266 INV
2 1 264 266 267 AND
2 1 47 111 268 XOR
1 1 268 269 INV
2 1 267 269 270 AND
2 1 48 112 271 XOR
1 1 271 272 INV
2 1 270 272 273 AND
2 1 49 113 274 XOR
1 1 274 275 INV
2 1 273 275 276 AND
2 1 50 114 277 XOR
1 1 277 278 INV
2 1 276 278 279 AND
2 1 51 115 280 XOR
1 1 280 281 INV
2 1 279 281 282 AND
2 1 52 116 283 XOR
1 1 283 284 INV
2 1 282 284 285 AND
2 1 53 117 286 XOR
1 1 286 287 INV
2 1 285 287 288 AND
2 1 54 118 289 XOR
1 1 289 290 INV
2 1 288 290 291 AND
2 1 55 119 292 XOR
1 1 292 293 INV
2 1 291 293 294 AND
2 1 56 120 295 XOR
1 1 295 296 INV
2 1 294 296 297 AND
2 1 57 121 298 XOR
1 1 298 299 INV
2 1 297 299 300 AND
2 1 58 122 301 XOR
1 1 301 302 INV
2 1 300 302 303 AND
2 1 59 123 304 XOR
1 1 304 305 INV
2 1 303 305 306 AND
2 1 60 124 307 XOR
1 1 307 308 INV
2 1 306 308 309 AND
2 1 61 125 310 XOR
1 1 310 311 INV
2 1 309 311 312 AND
2 1 62 126 313 XOR
1 1 313 314 INV
2 1 312 314 315 AND
2 1 63 127 316 XOR
1 1 316 317 INV
2 1 315 317 318 AND
2 1 0 0 319 XOR
2 1 319 318 320 XOR
