145 161
8 8 8
                                                                                                                                                                                          
2 1 0 8 16 AND
2 1 1 8 17 AND
2 1 2 8 18 AND
2 1 3 8 19 AND
2 1 4 8 20 AND
2 1 5 8 21 AND
2 1 6 8 22 AND
2 1 7 8 23 AND
2 1 0 9 24 AND
2 1 1 9 25 AND
2 1 2 9 26 AND
2 1 3 9 27 AND
2 1 4 9 28 AND
2 1 5 9 29 AND
2 1 6 9 30 AND
2 1 17 24 31 XOR
2 1 17 24 32 AND
2 1 18 32 33 XOR
2 1 25 32 34 XOR
2 1 18 34 35 XOR
2 1 33 34 36 AND
2 1 32 36 37 XOR
2 1 19 37 38 XOR
2 1 26 37 39 XOR
2 1 19 39 40 XOR
2 1 38 39 41 AND
2 1 37 41 42 XOR
2 1 20 42 43 XOR
2 1 27 42 44 XOR
2 1 20 44 45 XOR
2 1 43 44 46 AND
2 1 42 46 47 XOR
2 1 21 47 48 XOR
2 1 28 47 49 XOR
2 1 21 49 50 XOR
2 1 48 49 51 AND
2 1 47 51 52 XOR
2 1 22 52 53 XOR
2 1 29 52 54 XOR
2 1 22 54 55 XOR
2 1 53 54 56 AND
2 1 52 56 57 XOR
2 1 57 30 58 XOR
2 1 58 23 59 XOR
2 1 0 10 60 AND
2 1 1 10 61 AND
2 1 2 10 62 AND
2 1 3 10 63 AND
2 1 4 10 64 AND
2 1 5 10 65 AND
2 1 35 60 66 XOR
2 1 35 60 67 AND
2 1 40 67 68 XOR
2 1 61 67 69 XOR
2 1 40 69 70 XOR
2 1 68 69 71 AND
2 1 67 71 72 XOR
2 1 45 72 73 XOR
2 1 62 72 74 XOR
2 1 45 74 75 XOR
2 1 73 74 76 AND
2 1 72 76 77 XOR
2 1 50 77 78 XOR
2 1 63 77 79 XOR
2 1 50 79 80 XOR
2 1 78 79 81 AND
2 1 77 81 82 XOR
2 1 55 82 83 XOR
2 1 64 82 84 XOR
2 1 55 84 85 XOR
2 1 83 84 86 AND
2 1 82 86 87 XOR
2 1 87 65 88 XOR
2 1 88 59 89 XOR
2 1 0 11 90 AND
2 1 1 11 91 AND
2 1 2 11 92 AND
2 1 3 11 93 AND
2 1 4 11 94 AND
2 1 70 90 95 XOR
2 1 70 90 96 AND
2 1 75 96 97 XOR
2 1 91 96 98 XOR
2 1 75 98 99 XOR
2 1 97 98 100 AND
2 1 96 100 101 XOR
2 1 80 101 102 XOR
2 1 92 101 103 XOR
2 1 80 103 104 XOR
2 1 102 103 105 AND
2 1 101 105 106 XOR
2 1 85 106 107 XOR
2 1 93 106 108 XOR
2 1 85 108 109 XOR
2 1 107 108 110 AND
2 1 106 110 111 XOR
2 1 111 94 112 XOR
2 1 112 89 113 XOR
2 1 0 12 114 AND
2 1 1 12 115 AND
2 1 2 12 116 AND
2 1 3 12 117 AND
2 1 99 114 118 XOR
2 1 99 114 119 AND
2 1 104 119 120 XOR
2 1 115 119 121 XOR
2 1 104 121 122 XOR
2 1 120 121 123 AND
2 1 119 123 124 XOR
2 1 109 124 125 XOR
2 1 116 124 126 XOR
2 1 109 126 127 XOR
2 1 125 126 128 AND
2 1 124 128 129 XOR
2 1 129 117 130 XOR
2 1 130 113 131 XOR
2 1 0 13 132 AND
2 1 1 13 133 AND
2 1 2 13 134 AND
2 1 122 132 135 XOR
2 1 122 132 136 AND
2 1 127 136 137 XOR
2 1 133 136 138 XOR
2 1 127 138 139 XOR
2 1 137 138 140 AND
2 1 136 140 141 XOR
2 1 141 134 142 XOR
2 1 142 131 143 XOR
2 1 0 14 144 AND
2 1 1 14 145 AND
2 1 139 144 146 XOR
2 1 139 144 147 AND
2 1 147 145 148 XOR
2 1 148 143 149 XOR
2 1 0 15 150 AND
2 1 150 149 151 XOR
2 1 0 0 152 XOR
2 1 152 16 153 XOR
2 1 152 31 154 XOR
2 1 152 66 155 XOR
2 1 152 95 156 XOR
2 1 152 118 157 XOR
2 1 152 135 158 XOR
2 1 152 146 159 XOR
2 1 152 151 160 XOR
