665 697
16 16 16
                                                                                                                                                                                       
2 1 0 16 32 AND
2 1 1 16 33 AND
2 1 2 16 34 AND
2 1 3 16 35 AND
2 1 4 16 36 AND
2 1 5 16 37 AND
2 1 6 16 38 AND
2 1 7 16 39 AND
2 1 8 16 40 AND
2 1 9 16 41 AND
2 1 10 16 42 AND
2 1 11 16 43 AND
2 1 12 16 44 AND
2 1 13 16 45 AND
2 1 14 16 46 AND
2 1 15 16 47 AND
2 1 0 17 48 AND
2 1 1 17 49 AND
2 1 2 17 50 AND
2 1 3 17 51 AND
2 1 4 17 52 AND
2 1 5 17 53 AND
2 1 6 17 54 AND
2 1 7 17 55 AND
2 1 8 17 56 AND
2 1 9 17 57 AND
2 1 10 17 58 AND
2 1 11 17 59 AND
2 1 12 17 60 AND
2 1 13 17 61 AND
2 1 14 17 62 AND
2 1 33 48 63 XOR
2 1 33 48 64 AND
2 1 34 64 65 XOR
2 1 49 64 66 XOR
2 1 34 66 67 XOR
2 1 65 66 68 AND
2 1 64 68 69 XOR
2 1 35 69 70 XOR
2 1 50 69 71 XOR
2 1 35 71 72 XOR
2 1 70 71 73 AND
2 1 69 73 74 XOR
2 1 36 74 75 XOR
2 1 51 74 76 XOR
2 1 36 76 77 XOR
2 1 75 76 78 AND
2 1 74 78 79 XOR
2 1 37 79 80 XOR
2 1 52 79 81 XOR
2 1 37 81 82 XOR
2 1 80 81 83 AND
2 1 79 83 84 XOR
2 1 38 84 85 XOR
2 1 53 84 86 XOR
2 1 38 86 87 XOR
2 1 85 86 88 AND
2 1 84 88 89 XOR
2 1 39 89 90 XOR
2 1 54 89 91 XOR
2 1 39 91 92 XOR
2 1 90 91 93 AND
2 1 89 93 94 XOR
2 1 40 94 95 XOR
2 1 55 94 96 XOR
2 1 40 96 97 XOR
2 1 95 96 98 AND
2 1 94 98 99 XOR
2 1 41 99 100 XOR
2 1 56 99 101 XOR
2 1 41 101 102 XOR
2 1 100 101 103 AND
2 1 99 103 104 XOR
2 1 42 104 105 XOR
2 1 57 104 106 XOR
2 1 42 106 107 XOR
2 1 105 106 108 AND
2 1 104 108 109 XOR
2 1 43 109 110 XOR
2 1 58 109 111 XOR
2 1 43 111 112 XOR
2 1 110 111 113 AND
2 1 109 113 114 XOR
2 1 44 114 115 XOR
2 1 59 114 116 XOR
2 1 44 116 117 XOR
2 1 115 116 118 AND
2 1 114 118 119 XOR
2 1 45 119 120 XOR
2 1 60 119 121 XOR
2 1 45 121 122 XOR
2 1 120 121 123 AND
2 1 119 123 124 XOR
2 1 46 124 125 XOR
2 1 61 124 126 XOR
2 1 46 126 127 XOR
2 1 125 126 128 AND
2 1 124 128 129 XOR
2 1 129 62 130 XOR
2 1 130 47 131 XOR
2 1 0 18 132 AND
2 1 1 18 133 AND
2 1 2 18 134 AND
2 1 3 18 135 AND
2 1 4 18 136 AND
2 1 5 18 137 AND
2 1 6 18 138 AND
2 1 7 18 139 AND
2 1 8 18 140 AND
2 1 9 18 141 AND
2 1 10 18 142 AND
2 1 11 18 143 AND
2 1 12 18 144 AND
2 1 13 18 145 AND
2 1 67 132 146 XOR
2 1 67 132 147 AND
2 1 72 147 148 XOR
2 1 133 147 149 XOR
2 1 72 149 150 XOR
2 1 148 149 151 AND
2 1 147 151 152 XOR
2 1 77 152 153 XOR
2 1 134 152 154 XOR
2 1 77 154 155 XOR
2 1 153 154 156 AND
2 1 152 156 157 XOR
2 1 82 157 158 XOR
2 1 135 157 159 XOR
2 1 82 159 160 XOR
2 1 158 159 161 AND
2 1 157 161 162 XOR
2 1 87 162 163 XOR
2 1 136 162 164 XOR
2 1 87 164 165 XOR
2 1 163 164 166 AND
2 1 162 166 167 XOR
2 1 92 167 168 XOR
2 1 137 167 169 XOR
2 1 92 169 170 XOR
2 1 168 169 171 AND
2 1 167 171 172 XOR
2 1 97 172 173 XOR
2 1 138 172 174 XOR
2 1 97 174 175 XOR
2 1 173 174 176 AND
2 1 172 176 177 XOR
2 1 102 177 178 XOR
2 1 139 177 179 XOR
2 1 102 179 180 XOR
2 1 178 179 181 AND
2 1 177 181 182 XOR
2 1 107 182 183 XOR
2 1 140 182 184 XOR
2 1 107 184 185 XOR
2 1 183 184 186 AND
2 1 182 186 187 XOR
2 1 112 187 188 XOR
2 1 141 187 189 XOR
2 1 112 189 190 XOR
2 1 188 189 191 AND
2 1 187 191 192 XOR
2 1 117 192 193 XOR
2 1 142 192 194 XOR
2 1 117 194 195 XOR
2 1 193 194 196 AND
2 1 192 196 197 XOR
2 1 122 197 198 XOR
2 1 143 197 199 XOR
2 1 122 199 200 XOR
2 1 198 199 201 AND
2 1 197 201 202 XOR
2 1 127 202 203 XOR
2 1 144 202 204 XOR
2 1 127 204 205 XOR
2 1 203 204 206 AND
2 1 202 206 207 XOR
2 1 207 145 208 XOR
2 1 208 131 209 XOR
2 1 0 19 210 AND
2 1 1 19 211 AND
2 1 2 19 212 AND
2 1 3 19 213 AND
2 1 4 19 214 AND
2 1 5 19 215 AND
2 1 6 19 216 AND
2 1 7 19 217 AND
2 1 8 19 218 AND
2 1 9 19 219 AND
2 1 10 19 220 AND
2 1 11 19 221 AND
2 1 12 19 222 AND
2 1 150 210 223 XOR
2 1 150 210 224 AND
2 1 155 224 225 XOR
2 1 211 224 226 XOR
2 1 155 226 227 XOR
2 1 225 226 228 AND
2 1 224 228 229 XOR
2 1 160 229 230 XOR
2 1 212 229 231 XOR
2 1 160 231 232 XOR
2 1 230 231 233 AND
2 1 229 233 234 XOR
2 1 165 234 235 XOR
2 1 213 234 236 XOR
2 1 165 236 237 XOR
2 1 235 236 238 AND
2 1 234 238 239 XOR
2 1 170 239 240 XOR
2 1 214 239 241 XOR
2 1 170 241 242 XOR
2 1 240 241 243 AND
2 1 239 243 244 XOR
2 1 175 244 245 XOR
2 1 215 244 246 XOR
2 1 175 246 247 XOR
2 1 245 246 248 AND
2 1 244 248 249 XOR
2 1 180 249 250 XOR
2 1 216 249 251 XOR
2 1 180 251 252 XOR
2 1 250 251 253 AND
2 1 249 253 254 XOR
2 1 185 254 255 XOR
2 1 217 254 256 XOR
2 1 185 256 257 XOR
2 1 255 256 258 AND
2 1 254 258 259 XOR
2 1 190 259 260 XOR
2 1 218 259 261 XOR
2 1 190 261 262 XOR
2 1 260 261 263 AND
2 1 259 263 264 XOR
2 1 195 264 265 XOR
2 1 219 264 266 XOR
2 1 195 266 267 XOR
2 1 265 266 268 AND
2 1 264 268 269 XOR
2 1 200 269 270 XOR
2 1 220 269 271 XOR
2 1 200 271 272 XOR
2 1 270 271 273 AND
2 1 269 273 274 XOR
2 1 205 274 275 XOR
2 1 221 274 276 XOR
2 1 205 276 277 XOR
2 1 275 276 278 AND
2 1 274 278 279 XOR
2 1 279 222 280 XOR
2 1 280 209 281 XOR
2 1 0 20 282 AND
2 1 1 20 283 AND
2 1 2 20 284 AND
2 1 3 20 285 AND
2 1 4 20 286 AND
2 1 5 20 287 AND
2 1 6 20 288 AND
2 1 7 20 289 AND
2 1 8 20 290 AND
2 1 9 20 291 AND
2 1 10 20 292 AND
2 1 11 20 293 AND
2 1 227 282 294 XOR
2 1 227 282 295 AND
2 1 232 295 296 XOR
2 1 283 295 297 XOR
2 1 232 297 298 XOR
2 1 296 297 299 AND
2 1 295 299 300 XOR
2 1 237 300 301 XOR
2 1 284 300 302 XOR
2 1 237 302 303 XOR
2 1 301 302 304 AND
2 1 300 304 305 XOR
2 1 242 305 306 XOR
2 1 285 305 307 XOR
2 1 242 307 308 XOR
2 1 306 307 309 AND
2 1 305 309 310 XOR
2 1 247 310 311 XOR
2 1 286 310 312 XOR
2 1 247 312 313 XOR
2 1 311 312 314 AND
2 1 310 314 315 XOR
2 1 252 315 316 XOR
2 1 287 315 317 XOR
2 1 252 317 318 XOR
2 1 316 317 319 AND
2 1 315 319 320 XOR
2 1 257 320 321 XOR
2 1 288 320 322 XOR
2 1 257 322 323 XOR
2 1 321 322 324 AND
2 1 320 324 325 XOR
2 1 262 325 326 XOR
2 1 289 325 327 XOR
2 1 262 327 328 XOR
2 1 326 327 329 AND
2 1 325 329 330 XOR
2 1 267 330 331 XOR
2 1 290 330 332 XOR
2 1 267 332 333 XOR
2 1 331 332 334 AND
2 1 330 334 335 XOR
2 1 272 335 336 XOR
2 1 291 335 337 XOR
2 1 272 337 338 XOR
2 1 336 337 339 AND
2 1 335 339 340 XOR
2 1 277 340 341 XOR
2 1 292 340 342 XOR
2 1 277 342 343 XOR
2 1 341 342 344 AND
2 1 340 344 345 XOR
2 1 345 293 346 XOR
2 1 346 281 347 XOR
2 1 0 21 348 AND
2 1 1 21 349 AND
2 1 2 21 350 AND
2 1 3 21 351 AND
2 1 4 21 352 AND
2 1 5 21 353 AND
2 1 6 21 354 AND
2 1 7 21 355 AND
2 1 8 21 356 AND
2 1 9 21 357 AND
2 1 10 21 358 AND
2 1 298 348 359 XOR
2 1 298 348 360 AND
2 1 303 360 361 XOR
2 1 349 360 362 XOR
2 1 303 362 363 XOR
2 1 361 362 364 AND
2 1 360 364 365 XOR
2 1 308 365 366 XOR
2 1 350 365 367 XOR
2 1 308 367 368 XOR
2 1 366 367 369 AND
2 1 365 369 370 XOR
2 1 313 370 371 XOR
2 1 351 370 372 XOR
2 1 313 372 373 XOR
2 1 371 372 374 AND
2 1 370 374 375 XOR
2 1 318 375 376 XOR
2 1 352 375 377 XOR
2 1 318 377 378 XOR
2 1 376 377 379 AND
2 1 375 379 380 XOR
2 1 323 380 381 XOR
2 1 353 380 382 XOR
2 1 323 382 383 XOR
2 1 381 382 384 AND
2 1 380 384 385 XOR
2 1 328 385 386 XOR
2 1 354 385 387 XOR
2 1 328 387 388 XOR
2 1 386 387 389 AND
2 1 385 389 390 XOR
2 1 333 390 391 XOR
2 1 355 390 392 XOR
2 1 333 392 393 XOR
2 1 391 392 394 AND
2 1 390 394 395 XOR
2 1 338 395 396 XOR
2 1 356 395 397 XOR
2 1 338 397 398 XOR
2 1 396 397 399 AND
2 1 395 399 400 XOR
2 1 343 400 401 XOR
2 1 357 400 402 XOR
2 1 343 402 403 XOR
2 1 401 402 404 AND
2 1 400 404 405 XOR
2 1 405 358 406 XOR
2 1 406 347 407 XOR
2 1 0 22 408 AND
2 1 1 22 409 AND
2 1 2 22 410 AND
2 1 3 22 411 AND
2 1 4 22 412 AND
2 1 5 22 413 AND
2 1 6 22 414 AND
2 1 7 22 415 AND
2 1 8 22 416 AND
2 1 9 22 417 AND
2 1 363 408 418 XOR
2 1 363 408 419 AND
2 1 368 419 420 XOR
2 1 409 419 421 XOR
2 1 368 421 422 XOR
2 1 420 421 423 AND
2 1 419 423 424 XOR
2 1 373 424 425 XOR
2 1 410 424 426 XOR
2 1 373 426 427 XOR
2 1 425 426 428 AND
2 1 424 428 429 XOR
2 1 378 429 430 XOR
2 1 411 429 431 XOR
2 1 378 431 432 XOR
2 1 430 431 433 AND
2 1 429 433 434 XOR
2 1 383 434 435 XOR
2 1 412 434 436 XOR
2 1 383 436 437 XOR
2 1 435 436 438 AND
2 1 434 438 439 XOR
2 1 388 439 440 XOR
2 1 413 439 441 XOR
2 1 388 441 442 XOR
2 1 440 441 443 AND
2 1 439 443 444 XOR
2 1 393 444 445 XOR
2 1 414 444 446 XOR
2 1 393 446 447 XOR
2 1 445 446 448 AND
2 1 444 448 449 XOR
2 1 398 449 450 XOR
2 1 415 449 451 XOR
2 1 398 451 452 XOR
2 1 450 451 453 AND
2 1 449 453 454 XOR
2 1 403 454 455 XOR
2 1 416 454 456 XOR
2 1 403 456 457 XOR
2 1 455 456 458 AND
2 1 454 458 459 XOR
2 1 459 417 460 XOR
2 1 460 407 461 XOR
2 1 0 23 462 AND
2 1 1 23 463 AND
2 1 2 23 464 AND
2 1 3 23 465 AND
2 1 4 23 466 AND
2 1 5 23 467 AND
2 1 6 23 468 AND
2 1 7 23 469 AND
2 1 8 23 470 AND
2 1 422 462 471 XOR
2 1 422 462 472 AND
2 1 427 472 473 XOR
2 1 463 472 474 XOR
2 1 427 474 475 XOR
2 1 473 474 476 AND
2 1 472 476 477 XOR
2 1 432 477 478 XOR
2 1 464 477 479 XOR
2 1 432 479 480 XOR
2 1 478 479 481 AND
2 1 477 481 482 XOR
2 1 437 482 483 XOR
2 1 465 482 484 XOR
2 1 437 484 485 XOR
2 1 483 484 486 AND
2 1 482 486 487 XOR
2 1 442 487 488 XOR
2 1 466 487 489 XOR
2 1 442 489 490 XOR
2 1 488 489 491 AND
2 1 487 491 492 XOR
2 1 447 492 493 XOR
2 1 467 492 494 XOR
2 1 447 494 495 XOR
2 1 493 494 496 AND
2 1 492 496 497 XOR
2 1 452 497 498 XOR
2 1 468 497 499 XOR
2 1 452 499 500 XOR
2 1 498 499 501 AND
2 1 497 501 502 XOR
2 1 457 502 503 XOR
2 1 469 502 504 XOR
2 1 457 504 505 XOR
2 1 503 504 506 AND
2 1 502 506 507 XOR
2 1 507 470 508 XOR
2 1 508 461 509 XOR
2 1 0 24 510 AND
2 1 1 24 511 AND
2 1 2 24 512 AND
2 1 3 24 513 AND
2 1 4 24 514 AND
2 1 5 24 515 AND
2 1 6 24 516 AND
2 1 7 24 517 AND
2 1 475 510 518 XOR
2 1 475 510 519 AND
2 1 480 519 520 XOR
2 1 511 519 521 XOR
2 1 480 521 522 XOR
2 1 520 521 523 AND
2 1 519 523 524 XOR
2 1 485 524 525 XOR
2 1 512 524 526 XOR
2 1 485 526 527 XOR
2 1 525 526 528 AND
2 1 524 528 529 XOR
2 1 490 529 530 XOR
2 1 513 529 531 XOR
2 1 490 531 532 XOR
2 1 530 531 533 AND
2 1 529 533 534 XOR
2 1 495 534 535 XOR
2 1 514 534 536 XOR
2 1 495 536 537 XOR
2 1 535 536 538 AND
2 1 534 538 539 XOR
2 1 500 539 540 XOR
2 1 515 539 541 XOR
2 1 500 541 542 XOR
2 1 540 541 543 AND
2 1 539 543 544 XOR
2 1 505 544 545 XOR
2 1 516 544 546 XOR
2 1 505 546 547 XOR
2 1 545 546 548 AND
2 1 544 548 549 XOR
2 1 549 517 550 XOR
2 1 550 509 551 XOR
2 1 0 25 552 AND
2 1 1 25 553 AND
2 1 2 25 554 AND
2 1 3 25 555 AND
2 1 4 25 556 AND
2 1 5 25 557 AND
2 1 6 25 558 AND
2 1 522 552 559 XOR
2 1 522 552 560 AND
2 1 527 560 561 XOR
2 1 553 560 562 XOR
2 1 527 562 563 XOR
2 1 561 562 564 AND
2 1 560 564 565 XOR
2 1 532 565 566 XOR
2 1 554 565 567 XOR
2 1 532 567 568 XOR
2 1 566 567 569 AND
2 1 565 569 570 XOR
2 1 537 570 571 XOR
2 1 555 570 572 XOR
2 1 537 572 573 XOR
2 1 571 572 574 AND
2 1 570 574 575 XOR
2 1 542 575 576 XOR
2 1 556 575 577 XOR
2 1 542 577 578 XOR
2 1 576 577 579 AND
2 1 575 579 580 XOR
2 1 547 580 581 XOR
2 1 557 580 582 XOR
2 1 547 582 583 XOR
2 1 581 582 584 AND
2 1 580 584 585 XOR
2 1 585 558 586 XOR
2 1 586 551 587 XOR
2 1 0 26 588 AND
2 1 1 26 589 AND
2 1 2 26 590 AND
2 1 3 26 591 AND
2 1 4 26 592 AND
2 1 5 26 593 AND
2 1 563 588 594 XOR
2 1 563 588 595 AND
2 1 568 595 596 XOR
2 1 589 595 597 XOR
2 1 568 597 598 XOR
2 1 596 597 599 AND
2 1 595 599 600 XOR
2 1 573 600 601 XOR
2 1 590 600 602 XOR
2 1 573 602 603 XOR
2 1 601 602 604 AND
2 1 600 604 605 XOR
2 1 578 605 606 XOR
2 1 591 605 607 XOR
2 1 578 607 608 XOR
2 1 606 607 609 AND
2 1 605 609 610 XOR
2 1 583 610 611 XOR
2 1 592 610 612 XOR
2 1 583 612 613 XOR
2 1 611 612 614 AND
2 1 610 614 615 XOR
2 1 615 593 616 XOR
2 1 616 587 617 XOR
2 1 0 27 618 AND
2 1 1 27 619 AND
2 1 2 27 620 AND
2 1 3 27 621 AND
2 1 4 27 622 AND
2 1 598 618 623 XOR
2 1 598 618 624 AND
2 1 603 624 625 XOR
2 1 619 624 626 XOR
2 1 603 626 627 XOR
2 1 625 626 628 AND
2 1 624 628 629 XOR
2 1 608 629 630 XOR
2 1 620 629 631 XOR
2 1 608 631 632 XOR
2 1 630 631 633 AND
2 1 629 633 634 XOR
2 1 613 634 635 XOR
2 1 621 634 636 XOR
2 1 613 636 637 XOR
2 1 635 636 638 AND
2 1 634 638 639 XOR
2 1 639 622 640 XOR
2 1 640 617 641 XOR
2 1 0 28 642 AND
2 1 1 28 643 AND
2 1 2 28 644 AND
2 1 3 28 645 AND
2 1 627 642 646 XOR
2 1 627 642 647 AND
2 1 632 647 648 XOR
2 1 643 647 649 XOR
2 1 632 649 650 XOR
2 1 648 649 651 AND
2 1 647 651 652 XOR
2 1 637 652 653 XOR
2 1 644 652 654 XOR
2 1 637 654 655 XOR
2 1 653 654 656 AND
2 1 652 656 657 XOR
2 1 657 645 658 XOR
2 1 658 641 659 XOR
2 1 0 29 660 AND
2 1 1 29 661 AND
2 1 2 29 662 AND
2 1 650 660 663 XOR
2 1 650 660 664 AND
2 1 655 664 665 XOR
2 1 661 664 666 XOR
2 1 655 666 667 XOR
2 1 665 666 668 AND
2 1 664 668 669 XOR
2 1 669 662 670 XOR
2 1 670 659 671 XOR
2 1 0 30 672 AND
2 1 1 30 673 AND
2 1 667 672 674 XOR
2 1 667 672 675 AND
2 1 675 673 676 XOR
2 1 676 671 677 XOR
2 1 0 31 678 AND
2 1 678 677 679 XOR
2 1 0 0 680 XOR
2 1 680 32 681 XOR
2 1 680 63 682 XOR
2 1 680 146 683 XOR
2 1 680 223 684 XOR
2 1 680 294 685 XOR
2 1 680 359 686 XOR
2 1 680 418 687 XOR
2 1 680 471 688 XOR
2 1 680 518 689 XOR
2 1 680 559 690 XOR
2 1 680 594 691 XOR
2 1 680 623 692 XOR
2 1 680 646 693 XOR
2 1 680 663 694 XOR
2 1 680 674 695 XOR
2 1 680 679 696 XOR
