2857 2921
32 32 32
                                                                                                                                                                                     
2 1 0 32 64 AND
2 1 1 32 65 AND
2 1 2 32 66 AND
2 1 3 32 67 AND
2 1 4 32 68 AND
2 1 5 32 69 AND
2 1 6 32 70 AND
2 1 7 32 71 AND
2 1 8 32 72 AND
2 1 9 32 73 AND
2 1 10 32 74 AND
2 1 11 32 75 AND
2 1 12 32 76 AND
2 1 13 32 77 AND
2 1 14 32 78 AND
2 1 15 32 79 AND
2 1 16 32 80 AND
2 1 17 32 81 AND
2 1 18 32 82 AND
2 1 19 32 83 AND
2 1 20 32 84 AND
2 1 21 32 85 AND
2 1 22 32 86 AND
2 1 23 32 87 AND
2 1 24 32 88 AND
2 1 25 32 89 AND
2 1 26 32 90 AND
2 1 27 32 91 AND
2 1 28 32 92 AND
2 1 29 32 93 AND
2 1 30 32 94 AND
2 1 31 32 95 AND
2 1 0 33 96 AND
2 1 1 33 97 AND
2 1 2 33 98 AND
2 1 3 33 99 AND
2 1 4 33 100 AND
2 1 5 33 101 AND
2 1 6 33 102 AND
2 1 7 33 103 AND
2 1 8 33 104 AND
2 1 9 33 105 AND
2 1 10 33 106 AND
2 1 11 33 107 AND
2 1 12 33 108 AND
2 1 13 33 109 AND
2 1 14 33 110 AND
2 1 15 33 111 AND
2 1 16 33 112 AND
2 1 17 33 113 AND
2 1 18 33 114 AND
2 1 19 33 115 AND
2 1 20 33 116 AND
2 1 21 33 117 AND
2 1 22 33 118 AND
2 1 23 33 119 AND
2 1 24 33 120 AND
2 1 25 33 121 AND
2 1 26 33 122 AND
2 1 27 33 123 AND
2 1 28 33 124 AND
2 1 29 33 125 AND
2 1 30 33 126 AND
2 1 65 96 127 XOR
2 1 65 96 128 AND
2 1 66 128 129 XOR
2 1 97 128 130 XOR
2 1 66 130 131 XOR
2 1 129 130 132 AND
2 1 128 132 133 XOR
2 1 67 133 134 XOR
2 1 98 133 135 XOR
2 1 67 135 136 XOR
2 1 134 135 137 AND
2 1 133 137 138 XOR
2 1 68 138 139 XOR
2 1 99 138 140 XOR
2 1 68 140 141 XOR
2 1 139 140 142 AND
2 1 138 142 143 XOR
2 1 69 143 144 XOR
2 1 100 143 145 XOR
2 1 69 145 146 XOR
2 1 144 145 147 AND
2 1 143 147 148 XOR
2 1 70 148 149 XOR
2 1 101 148 150 XOR
2 1 70 150 151 XOR
2 1 149 150 152 AND
2 1 148 152 153 XOR
2 1 71 153 154 XOR
2 1 102 153 155 XOR
2 1 71 155 156 XOR
2 1 154 155 157 AND
2 1 153 157 158 XOR
2 1 72 158 159 XOR
2 1 103 158 160 XOR
2 1 72 160 161 XOR
2 1 159 160 162 AND
2 1 158 162 163 XOR
2 1 73 163 164 XOR
2 1 104 163 165 XOR
2 1 73 165 166 XOR
2 1 164 165 167 AND
2 1 163 167 168 XOR
2 1 74 168 169 XOR
2 1 105 168 170 XOR
2 1 74 170 171 XOR
2 1 169 170 172 AND
2 1 168 172 173 XOR
2 1 75 173 174 XOR
2 1 106 173 175 XOR
2 1 75 175 176 XOR
2 1 174 175 177 AND
2 1 173 177 178 XOR
2 1 76 178 179 XOR
2 1 107 178 180 XOR
2 1 76 180 181 XOR
2 1 179 180 182 AND
2 1 178 182 183 XOR
2 1 77 183 184 XOR
2 1 108 183 185 XOR
2 1 77 185 186 XOR
2 1 184 185 187 AND
2 1 183 187 188 XOR
2 1 78 188 189 XOR
2 1 109 188 190 XOR
2 1 78 190 191 XOR
2 1 189 190 192 AND
2 1 188 192 193 XOR
2 1 79 193 194 XOR
2 1 110 193 195 XOR
2 1 79 195 196 XOR
2 1 194 195 197 AND
2 1 193 197 198 XOR
2 1 80 198 199 XOR
2 1 111 198 200 XOR
2 1 80 200 201 XOR
2 1 199 200 202 AND
2 1 198 202 203 XOR
2 1 81 203 204 XOR
2 1 112 203 205 XOR
2 1 81 205 206 XOR
2 1 204 205 207 AND
2 1 203 207 208 XOR
2 1 82 208 209 XOR
2 1 113 208 210 XOR
2 1 82 210 211 XOR
2 1 209 210 212 AND
2 1 208 212 213 XOR
2 1 83 213 214 XOR
2 1 114 213 215 XOR
2 1 83 215 216 XOR
2 1 214 215 217 AND
2 1 213 217 218 XOR
2 1 84 218 219 XOR
2 1 115 218 220 XOR
2 1 84 220 221 XOR
2 1 219 220 222 AND
2 1 218 222 223 XOR
2 1 85 223 224 XOR
2 1 116 223 225 XOR
2 1 85 225 226 XOR
2 1 224 225 227 AND
2 1 223 227 228 XOR
2 1 86 228 229 XOR
2 1 117 228 230 XOR
2 1 86 230 231 XOR
2 1 229 230 232 AND
2 1 228 232 233 XOR
2 1 87 233 234 XOR
2 1 118 233 235 XOR
2 1 87 235 236 XOR
2 1 234 235 237 AND
2 1 233 237 238 XOR
2 1 88 238 239 XOR
2 1 119 238 240 XOR
2 1 88 240 241 XOR
2 1 239 240 242 AND
2 1 238 242 243 XOR
2 1 89 243 244 XOR
2 1 120 243 245 XOR
2 1 89 245 246 XOR
2 1 244 245 247 AND
2 1 243 247 248 XOR
2 1 90 248 249 XOR
2 1 121 248 250 XOR
2 1 90 250 251 XOR
2 1 249 250 252 AND
2 1 248 252 253 XOR
2 1 91 253 254 XOR
2 1 122 253 255 XOR
2 1 91 255 256 XOR
2 1 254 255 257 AND
2 1 253 257 258 XOR
2 1 92 258 259 XOR
2 1 123 258 260 XOR
2 1 92 260 261 XOR
2 1 259 260 262 AND
2 1 258 262 263 XOR
2 1 93 263 264 XOR
2 1 124 263 265 XOR
2 1 93 265 266 XOR
2 1 264 265 267 AND
2 1 263 267 268 XOR
2 1 94 268 269 XOR
2 1 125 268 270 XOR
2 1 94 270 271 XOR
2 1 269 270 272 AND
2 1 268 272 273 XOR
2 1 273 126 274 XOR
2 1 274 95 275 XOR
2 1 0 34 276 AND
2 1 1 34 277 AND
2 1 2 34 278 AND
2 1 3 34 279 AND
2 1 4 34 280 AND
2 1 5 34 281 AND
2 1 6 34 282 AND
2 1 7 34 283 AND
2 1 8 34 284 AND
2 1 9 34 285 AND
2 1 10 34 286 AND
2 1 11 34 287 AND
2 1 12 34 288 AND
2 1 13 34 289 AND
2 1 14 34 290 AND
2 1 15 34 291 AND
2 1 16 34 292 AND
2 1 17 34 293 AND
2 1 18 34 294 AND
2 1 19 34 295 AND
2 1 20 34 296 AND
2 1 21 34 297 AND
2 1 22 34 298 AND
2 1 23 34 299 AND
2 1 24 34 300 AND
2 1 25 34 301 AND
2 1 26 34 302 AND
2 1 27 34 303 AND
2 1 28 34 304 AND
2 1 29 34 305 AND
2 1 131 276 306 XOR
2 1 131 276 307 AND
2 1 136 307 308 XOR
2 1 277 307 309 XOR
2 1 136 309 310 XOR
2 1 308 309 311 AND
2 1 307 311 312 XOR
2 1 141 312 313 XOR
2 1 278 312 314 XOR
2 1 141 314 315 XOR
2 1 313 314 316 AND
2 1 312 316 317 XOR
2 1 146 317 318 XOR
2 1 279 317 319 XOR
2 1 146 319 320 XOR
2 1 318 319 321 AND
2 1 317 321 322 XOR
2 1 151 322 323 XOR
2 1 280 322 324 XOR
2 1 151 324 325 XOR
2 1 323 324 326 AND
2 1 322 326 327 XOR
2 1 156 327 328 XOR
2 1 281 327 329 XOR
2 1 156 329 330 XOR
2 1 328 329 331 AND
2 1 327 331 332 XOR
2 1 161 332 333 XOR
2 1 282 332 334 XOR
2 1 161 334 335 XOR
2 1 333 334 336 AND
2 1 332 336 337 XOR
2 1 166 337 338 XOR
2 1 283 337 339 XOR
2 1 166 339 340 XOR
2 1 338 339 341 AND
2 1 337 341 342 XOR
2 1 171 342 343 XOR
2 1 284 342 344 XOR
2 1 171 344 345 XOR
2 1 343 344 346 AND
2 1 342 346 347 XOR
2 1 176 347 348 XOR
2 1 285 347 349 XOR
2 1 176 349 350 XOR
2 1 348 349 351 AND
2 1 347 351 352 XOR
2 1 181 352 353 XOR
2 1 286 352 354 XOR
2 1 181 354 355 XOR
2 1 353 354 356 AND
2 1 352 356 357 XOR
2 1 186 357 358 XOR
2 1 287 357 359 XOR
2 1 186 359 360 XOR
2 1 358 359 361 AND
2 1 357 361 362 XOR
2 1 191 362 363 XOR
2 1 288 362 364 XOR
2 1 191 364 365 XOR
2 1 363 364 366 AND
2 1 362 366 367 XOR
2 1 196 367 368 XOR
2 1 289 367 369 XOR
2 1 196 369 370 XOR
2 1 368 369 371 AND
2 1 367 371 372 XOR
2 1 201 372 373 XOR
2 1 290 372 374 XOR
2 1 201 374 375 XOR
2 1 373 374 376 AND
2 1 372 376 377 XOR
2 1 206 377 378 XOR
2 1 291 377 379 XOR
2 1 206 379 380 XOR
2 1 378 379 381 AND
2 1 377 381 382 XOR
2 1 211 382 383 XOR
2 1 292 382 384 XOR
2 1 211 384 385 XOR
2 1 383 384 386 AND
2 1 382 386 387 XOR
2 1 216 387 388 XOR
2 1 293 387 389 XOR
2 1 216 389 390 XOR
2 1 388 389 391 AND
2 1 387 391 392 XOR
2 1 221 392 393 XOR
2 1 294 392 394 XOR
2 1 221 394 395 XOR
2 1 393 394 396 AND
2 1 392 396 397 XOR
2 1 226 397 398 XOR
2 1 295 397 399 XOR
2 1 226 399 400 XOR
2 1 398 399 401 AND
2 1 397 401 402 XOR
2 1 231 402 403 XOR
2 1 296 402 404 XOR
2 1 231 404 405 XOR
2 1 403 404 406 AND
2 1 402 406 407 XOR
2 1 236 407 408 XOR
2 1 297 407 409 XOR
2 1 236 409 410 XOR
2 1 408 409 411 AND
2 1 407 411 412 XOR
2 1 241 412 413 XOR
2 1 298 412 414 XOR
2 1 241 414 415 XOR
2 1 413 414 416 AND
2 1 412 416 417 XOR
2 1 246 417 418 XOR
2 1 299 417 419 XOR
2 1 246 419 420 XOR
2 1 418 419 421 AND
2 1 417 421 422 XOR
2 1 251 422 423 XOR
2 1 300 422 424 XOR
2 1 251 424 425 XOR
2 1 423 424 426 AND
2 1 422 426 427 XOR
2 1 256 427 428 XOR
2 1 301 427 429 XOR
2 1 256 429 430 XOR
2 1 428 429 431 AND
2 1 427 431 432 XOR
2 1 261 432 433 XOR
2 1 302 432 434 XOR
2 1 261 434 435 XOR
2 1 433 434 436 AND
2 1 432 436 437 XOR
2 1 266 437 438 XOR
2 1 303 437 439 XOR
2 1 266 439 440 XOR
2 1 438 439 441 AND
2 1 437 441 442 XOR
2 1 271 442 443 XOR
2 1 304 442 444 XOR
2 1 271 444 445 XOR
2 1 443 444 446 AND
2 1 442 446 447 XOR
2 1 447 305 448 XOR
2 1 448 275 449 XOR
2 1 0 35 450 AND
2 1 1 35 451 AND
2 1 2 35 452 AND
2 1 3 35 453 AND
2 1 4 35 454 AND
2 1 5 35 455 AND
2 1 6 35 456 AND
2 1 7 35 457 AND
2 1 8 35 458 AND
2 1 9 35 459 AND
2 1 10 35 460 AND
2 1 11 35 461 AND
2 1 12 35 462 AND
2 1 13 35 463 AND
2 1 14 35 464 AND
2 1 15 35 465 AND
2 1 16 35 466 AND
2 1 17 35 467 AND
2 1 18 35 468 AND
2 1 19 35 469 AND
2 1 20 35 470 AND
2 1 21 35 471 AND
2 1 22 35 472 AND
2 1 23 35 473 AND
2 1 24 35 474 AND
2 1 25 35 475 AND
2 1 26 35 476 AND
2 1 27 35 477 AND
2 1 28 35 478 AND
2 1 310 450 479 XOR
2 1 310 450 480 AND
2 1 315 480 481 XOR
2 1 451 480 482 XOR
2 1 315 482 483 XOR
2 1 481 482 484 AND
2 1 480 484 485 XOR
2 1 320 485 486 XOR
2 1 452 485 487 XOR
2 1 320 487 488 XOR
2 1 486 487 489 AND
2 1 485 489 490 XOR
2 1 325 490 491 XOR
2 1 453 490 492 XOR
2 1 325 492 493 XOR
2 1 491 492 494 AND
2 1 490 494 495 XOR
2 1 330 495 496 XOR
2 1 454 495 497 XOR
2 1 330 497 498 XOR
2 1 496 497 499 AND
2 1 495 499 500 XOR
2 1 335 500 501 XOR
2 1 455 500 502 XOR
2 1 335 502 503 XOR
2 1 501 502 504 AND
2 1 500 504 505 XOR
2 1 340 505 506 XOR
2 1 456 505 507 XOR
2 1 340 507 508 XOR
2 1 506 507 509 AND
2 1 505 509 510 XOR
2 1 345 510 511 XOR
2 1 457 510 512 XOR
2 1 345 512 513 XOR
2 1 511 512 514 AND
2 1 510 514 515 XOR
2 1 350 515 516 XOR
2 1 458 515 517 XOR
2 1 350 517 518 XOR
2 1 516 517 519 AND
2 1 515 519 520 XOR
2 1 355 520 521 XOR
2 1 459 520 522 XOR
2 1 355 522 523 XOR
2 1 521 522 524 AND
2 1 520 524 525 XOR
2 1 360 525 526 XOR
2 1 460 525 527 XOR
2 1 360 527 528 XOR
2 1 526 527 529 AND
2 1 525 529 530 XOR
2 1 365 530 531 XOR
2 1 461 530 532 XOR
2 1 365 532 533 XOR
2 1 531 532 534 AND
2 1 530 534 535 XOR
2 1 370 535 536 XOR
2 1 462 535 537 XOR
2 1 370 537 538 XOR
2 1 536 537 539 AND
2 1 535 539 540 XOR
2 1 375 540 541 XOR
2 1 463 540 542 XOR
2 1 375 542 543 XOR
2 1 541 542 544 AND
2 1 540 544 545 XOR
2 1 380 545 546 XOR
2 1 464 545 547 XOR
2 1 380 547 548 XOR
2 1 546 547 549 AND
2 1 545 549 550 XOR
2 1 385 550 551 XOR
2 1 465 550 552 XOR
2 1 385 552 553 XOR
2 1 551 552 554 AND
2 1 550 554 555 XOR
2 1 390 555 556 XOR
2 1 466 555 557 XOR
2 1 390 557 558 XOR
2 1 556 557 559 AND
2 1 555 559 560 XOR
2 1 395 560 561 XOR
2 1 467 560 562 XOR
2 1 395 562 563 XOR
2 1 561 562 564 AND
2 1 560 564 565 XOR
2 1 400 565 566 XOR
2 1 468 565 567 XOR
2 1 400 567 568 XOR
2 1 566 567 569 AND
2 1 565 569 570 XOR
2 1 405 570 571 XOR
2 1 469 570 572 XOR
2 1 405 572 573 XOR
2 1 571 572 574 AND
2 1 570 574 575 XOR
2 1 410 575 576 XOR
2 1 470 575 577 XOR
2 1 410 577 578 XOR
2 1 576 577 579 AND
2 1 575 579 580 XOR
2 1 415 580 581 XOR
2 1 471 580 582 XOR
2 1 415 582 583 XOR
2 1 581 582 584 AND
2 1 580 584 585 XOR
2 1 420 585 586 XOR
2 1 472 585 587 XOR
2 1 420 587 588 XOR
2 1 586 587 589 AND
2 1 585 589 590 XOR
2 1 425 590 591 XOR
2 1 473 590 592 XOR
2 1 425 592 593 XOR
2 1 591 592 594 AND
2 1 590 594 595 XOR
2 1 430 595 596 XOR
2 1 474 595 597 XOR
2 1 430 597 598 XOR
2 1 596 597 599 AND
2 1 595 599 600 XOR
2 1 435 600 601 XOR
2 1 475 600 602 XOR
2 1 435 602 603 XOR
2 1 601 602 604 AND
2 1 600 604 605 XOR
2 1 440 605 606 XOR
2 1 476 605 607 XOR
2 1 440 607 608 XOR
2 1 606 607 609 AND
2 1 605 609 610 XOR
2 1 445 610 611 XOR
2 1 477 610 612 XOR
2 1 445 612 613 XOR
2 1 611 612 614 AND
2 1 610 614 615 XOR
2 1 615 478 616 XOR
2 1 616 449 617 XOR
2 1 0 36 618 AND
2 1 1 36 619 AND
2 1 2 36 620 AND
2 1 3 36 621 AND
2 1 4 36 622 AND
2 1 5 36 623 AND
2 1 6 36 624 AND
2 1 7 36 625 AND
2 1 8 36 626 AND
2 1 9 36 627 AND
2 1 10 36 628 AND
2 1 11 36 629 AND
2 1 12 36 630 AND
2 1 13 36 631 AND
2 1 14 36 632 AND
2 1 15 36 633 AND
2 1 16 36 634 AND
2 1 17 36 635 AND
2 1 18 36 636 AND
2 1 19 36 637 AND
2 1 20 36 638 AND
2 1 21 36 639 AND
2 1 22 36 640 AND
2 1 23 36 641 AND
2 1 24 36 642 AND
2 1 25 36 643 AND
2 1 26 36 644 AND
2 1 27 36 645 AND
2 1 483 618 646 XOR
2 1 483 618 647 AND
2 1 488 647 648 XOR
2 1 619 647 649 XOR
2 1 488 649 650 XOR
2 1 648 649 651 AND
2 1 647 651 652 XOR
2 1 493 652 653 XOR
2 1 620 652 654 XOR
2 1 493 654 655 XOR
2 1 653 654 656 AND
2 1 652 656 657 XOR
2 1 498 657 658 XOR
2 1 621 657 659 XOR
2 1 498 659 660 XOR
2 1 658 659 661 AND
2 1 657 661 662 XOR
2 1 503 662 663 XOR
2 1 622 662 664 XOR
2 1 503 664 665 XOR
2 1 663 664 666 AND
2 1 662 666 667 XOR
2 1 508 667 668 XOR
2 1 623 667 669 XOR
2 1 508 669 670 XOR
2 1 668 669 671 AND
2 1 667 671 672 XOR
2 1 513 672 673 XOR
2 1 624 672 674 XOR
2 1 513 674 675 XOR
2 1 673 674 676 AND
2 1 672 676 677 XOR
2 1 518 677 678 XOR
2 1 625 677 679 XOR
2 1 518 679 680 XOR
2 1 678 679 681 AND
2 1 677 681 682 XOR
2 1 523 682 683 XOR
2 1 626 682 684 XOR
2 1 523 684 685 XOR
2 1 683 684 686 AND
2 1 682 686 687 XOR
2 1 528 687 688 XOR
2 1 627 687 689 XOR
2 1 528 689 690 XOR
2 1 688 689 691 AND
2 1 687 691 692 XOR
2 1 533 692 693 XOR
2 1 628 692 694 XOR
2 1 533 694 695 XOR
2 1 693 694 696 AND
2 1 692 696 697 XOR
2 1 538 697 698 XOR
2 1 629 697 699 XOR
2 1 538 699 700 XOR
2 1 698 699 701 AND
2 1 697 701 702 XOR
2 1 543 702 703 XOR
2 1 630 702 704 XOR
2 1 543 704 705 XOR
2 1 703 704 706 AND
2 1 702 706 707 XOR
2 1 548 707 708 XOR
2 1 631 707 709 XOR
2 1 548 709 710 XOR
2 1 708 709 711 AND
2 1 707 711 712 XOR
2 1 553 712 713 XOR
2 1 632 712 714 XOR
2 1 553 714 715 XOR
2 1 713 714 716 AND
2 1 712 716 717 XOR
2 1 558 717 718 XOR
2 1 633 717 719 XOR
2 1 558 719 720 XOR
2 1 718 719 721 AND
2 1 717 721 722 XOR
2 1 563 722 723 XOR
2 1 634 722 724 XOR
2 1 563 724 725 XOR
2 1 723 724 726 AND
2 1 722 726 727 XOR
2 1 568 727 728 XOR
2 1 635 727 729 XOR
2 1 568 729 730 XOR
2 1 728 729 731 AND
2 1 727 731 732 XOR
2 1 573 732 733 XOR
2 1 636 732 734 XOR
2 1 573 734 735 XOR
2 1 733 734 736 AND
2 1 732 736 737 XOR
2 1 578 737 738 XOR
2 1 637 737 739 XOR
2 1 578 739 740 XOR
2 1 738 739 741 AND
2 1 737 741 742 XOR
2 1 583 742 743 XOR
2 1 638 742 744 XOR
2 1 583 744 745 XOR
2 1 743 744 746 AND
2 1 742 746 747 XOR
2 1 588 747 748 XOR
2 1 639 747 749 XOR
2 1 588 749 750 XOR
2 1 748 749 751 AND
2 1 747 751 752 XOR
2 1 593 752 753 XOR
2 1 640 752 754 XOR
2 1 593 754 755 XOR
2 1 753 754 756 AND
2 1 752 756 757 XOR
2 1 598 757 758 XOR
2 1 641 757 759 XOR
2 1 598 759 760 XOR
2 1 758 759 761 AND
2 1 757 761 762 XOR
2 1 603 762 763 XOR
2 1 642 762 764 XOR
2 1 603 764 765 XOR
2 1 763 764 766 AND
2 1 762 766 767 XOR
2 1 608 767 768 XOR
2 1 643 767 769 XOR
2 1 608 769 770 XOR
2 1 768 769 771 AND
2 1 767 771 772 XOR
2 1 613 772 773 XOR
2 1 644 772 774 XOR
2 1 613 774 775 XOR
2 1 773 774 776 AND
2 1 772 776 777 XOR
2 1 777 645 778 XOR
2 1 778 617 779 XOR
2 1 0 37 780 AND
2 1 1 37 781 AND
2 1 2 37 782 AND
2 1 3 37 783 AND
2 1 4 37 784 AND
2 1 5 37 785 AND
2 1 6 37 786 AND
2 1 7 37 787 AND
2 1 8 37 788 AND
2 1 9 37 789 AND
2 1 10 37 790 AND
2 1 11 37 791 AND
2 1 12 37 792 AND
2 1 13 37 793 AND
2 1 14 37 794 AND
2 1 15 37 795 AND
2 1 16 37 796 AND
2 1 17 37 797 AND
2 1 18 37 798 AND
2 1 19 37 799 AND
2 1 20 37 800 AND
2 1 21 37 801 AND
2 1 22 37 802 AND
2 1 23 37 803 AND
2 1 24 37 804 AND
2 1 25 37 805 AND
2 1 26 37 806 AND
2 1 650 780 807 XOR
2 1 650 780 808 AND
2 1 655 808 809 XOR
2 1 781 808 810 XOR
2 1 655 810 811 XOR
2 1 809 810 812 AND
2 1 808 812 813 XOR
2 1 660 813 814 XOR
2 1 782 813 815 XOR
2 1 660 815 816 XOR
2 1 814 815 817 AND
2 1 813 817 818 XOR
2 1 665 818 819 XOR
2 1 783 818 820 XOR
2 1 665 820 821 XOR
2 1 819 820 822 AND
2 1 818 822 823 XOR
2 1 670 823 824 XOR
2 1 784 823 825 XOR
2 1 670 825 826 XOR
2 1 824 825 827 AND
2 1 823 827 828 XOR
2 1 675 828 829 XOR
2 1 785 828 830 XOR
2 1 675 830 831 XOR
2 1 829 830 832 AND
2 1 828 832 833 XOR
2 1 680 833 834 XOR
2 1 786 833 835 XOR
2 1 680 835 836 XOR
2 1 834 835 837 AND
2 1 833 837 838 XOR
2 1 685 838 839 XOR
2 1 787 838 840 XOR
2 1 685 840 841 XOR
2 1 839 840 842 AND
2 1 838 842 843 XOR
2 1 690 843 844 XOR
2 1 788 843 845 XOR
2 1 690 845 846 XOR
2 1 844 845 847 AND
2 1 843 847 848 XOR
2 1 695 848 849 XOR
2 1 789 848 850 XOR
2 1 695 850 851 XOR
2 1 849 850 852 AND
2 1 848 852 853 XOR
2 1 700 853 854 XOR
2 1 790 853 855 XOR
2 1 700 855 856 XOR
2 1 854 855 857 AND
2 1 853 857 858 XOR
2 1 705 858 859 XOR
2 1 791 858 860 XOR
2 1 705 860 861 XOR
2 1 859 860 862 AND
2 1 858 862 863 XOR
2 1 710 863 864 XOR
2 1 792 863 865 XOR
2 1 710 865 866 XOR
2 1 864 865 867 AND
2 1 863 867 868 XOR
2 1 715 868 869 XOR
2 1 793 868 870 XOR
2 1 715 870 871 XOR
2 1 869 870 872 AND
2 1 868 872 873 XOR
2 1 720 873 874 XOR
2 1 794 873 875 XOR
2 1 720 875 876 XOR
2 1 874 875 877 AND
2 1 873 877 878 XOR
2 1 725 878 879 XOR
2 1 795 878 880 XOR
2 1 725 880 881 XOR
2 1 879 880 882 AND
2 1 878 882 883 XOR
2 1 730 883 884 XOR
2 1 796 883 885 XOR
2 1 730 885 886 XOR
2 1 884 885 887 AND
2 1 883 887 888 XOR
2 1 735 888 889 XOR
2 1 797 888 890 XOR
2 1 735 890 891 XOR
2 1 889 890 892 AND
2 1 888 892 893 XOR
2 1 740 893 894 XOR
2 1 798 893 895 XOR
2 1 740 895 896 XOR
2 1 894 895 897 AND
2 1 893 897 898 XOR
2 1 745 898 899 XOR
2 1 799 898 900 XOR
2 1 745 900 901 XOR
2 1 899 900 902 AND
2 1 898 902 903 XOR
2 1 750 903 904 XOR
2 1 800 903 905 XOR
2 1 750 905 906 XOR
2 1 904 905 907 AND
2 1 903 907 908 XOR
2 1 755 908 909 XOR
2 1 801 908 910 XOR
2 1 755 910 911 XOR
2 1 909 910 912 AND
2 1 908 912 913 XOR
2 1 760 913 914 XOR
2 1 802 913 915 XOR
2 1 760 915 916 XOR
2 1 914 915 917 AND
2 1 913 917 918 XOR
2 1 765 918 919 XOR
2 1 803 918 920 XOR
2 1 765 920 921 XOR
2 1 919 920 922 AND
2 1 918 922 923 XOR
2 1 770 923 924 XOR
2 1 804 923 925 XOR
2 1 770 925 926 XOR
2 1 924 925 927 AND
2 1 923 927 928 XOR
2 1 775 928 929 XOR
2 1 805 928 930 XOR
2 1 775 930 931 XOR
2 1 929 930 932 AND
2 1 928 932 933 XOR
2 1 933 806 934 XOR
2 1 934 779 935 XOR
2 1 0 38 936 AND
2 1 1 38 937 AND
2 1 2 38 938 AND
2 1 3 38 939 AND
2 1 4 38 940 AND
2 1 5 38 941 AND
2 1 6 38 942 AND
2 1 7 38 943 AND
2 1 8 38 944 AND
2 1 9 38 945 AND
2 1 10 38 946 AND
2 1 11 38 947 AND
2 1 12 38 948 AND
2 1 13 38 949 AND
2 1 14 38 950 AND
2 1 15 38 951 AND
2 1 16 38 952 AND
2 1 17 38 953 AND
2 1 18 38 954 AND
2 1 19 38 955 AND
2 1 20 38 956 AND
2 1 21 38 957 AND
2 1 22 38 958 AND
2 1 23 38 959 AND
2 1 24 38 960 AND
2 1 25 38 961 AND
2 1 811 936 962 XOR
2 1 811 936 963 AND
2 1 816 963 964 XOR
2 1 937 963 965 XOR
2 1 816 965 966 XOR
2 1 964 965 967 AND
2 1 963 967 968 XOR
2 1 821 968 969 XOR
2 1 938 968 970 XOR
2 1 821 970 971 XOR
2 1 969 970 972 AND
2 1 968 972 973 XOR
2 1 826 973 974 XOR
2 1 939 973 975 XOR
2 1 826 975 976 XOR
2 1 974 975 977 AND
2 1 973 977 978 XOR
2 1 831 978 979 XOR
2 1 940 978 980 XOR
2 1 831 980 981 XOR
2 1 979 980 982 AND
2 1 978 982 983 XOR
2 1 836 983 984 XOR
2 1 941 983 985 XOR
2 1 836 985 986 XOR
2 1 984 985 987 AND
2 1 983 987 988 XOR
2 1 841 988 989 XOR
2 1 942 988 990 XOR
2 1 841 990 991 XOR
2 1 989 990 992 AND
2 1 988 992 993 XOR
2 1 846 993 994 XOR
2 1 943 993 995 XOR
2 1 846 995 996 XOR
2 1 994 995 997 AND
2 1 993 997 998 XOR
2 1 851 998 999 XOR
2 1 944 998 1000 XOR
2 1 851 1000 1001 XOR
2 1 999 1000 1002 AND
2 1 998 1002 1003 XOR
2 1 856 1003 1004 XOR
2 1 945 1003 1005 XOR
2 1 856 1005 1006 XOR
2 1 1004 1005 1007 AND
2 1 1003 1007 1008 XOR
2 1 861 1008 1009 XOR
2 1 946 1008 1010 XOR
2 1 861 1010 1011 XOR
2 1 1009 1010 1012 AND
2 1 1008 1012 1013 XOR
2 1 866 1013 1014 XOR
2 1 947 1013 1015 XOR
2 1 866 1015 1016 XOR
2 1 1014 1015 1017 AND
2 1 1013 1017 1018 XOR
2 1 871 1018 1019 XOR
2 1 948 1018 1020 XOR
2 1 871 1020 1021 XOR
2 1 1019 1020 1022 AND
2 1 1018 1022 1023 XOR
2 1 876 1023 1024 XOR
2 1 949 1023 1025 XOR
2 1 876 1025 1026 XOR
2 1 1024 1025 1027 AND
2 1 1023 1027 1028 XOR
2 1 881 1028 1029 XOR
2 1 950 1028 1030 XOR
2 1 881 1030 1031 XOR
2 1 1029 1030 1032 AND
2 1 1028 1032 1033 XOR
2 1 886 1033 1034 XOR
2 1 951 1033 1035 XOR
2 1 886 1035 1036 XOR
2 1 1034 1035 1037 AND
2 1 1033 1037 1038 XOR
2 1 891 1038 1039 XOR
2 1 952 1038 1040 XOR
2 1 891 1040 1041 XOR
2 1 1039 1040 1042 AND
2 1 1038 1042 1043 XOR
2 1 896 1043 1044 XOR
2 1 953 1043 1045 XOR
2 1 896 1045 1046 XOR
2 1 1044 1045 1047 AND
2 1 1043 1047 1048 XOR
2 1 901 1048 1049 XOR
2 1 954 1048 1050 XOR
2 1 901 1050 1051 XOR
2 1 1049 1050 1052 AND
2 1 1048 1052 1053 XOR
2 1 906 1053 1054 XOR
2 1 955 1053 1055 XOR
2 1 906 1055 1056 XOR
2 1 1054 1055 1057 AND
2 1 1053 1057 1058 XOR
2 1 911 1058 1059 XOR
2 1 956 1058 1060 XOR
2 1 911 1060 1061 XOR
2 1 1059 1060 1062 AND
2 1 1058 1062 1063 XOR
2 1 916 1063 1064 XOR
2 1 957 1063 1065 XOR
2 1 916 1065 1066 XOR
2 1 1064 1065 1067 AND
2 1 1063 1067 1068 XOR
2 1 921 1068 1069 XOR
2 1 958 1068 1070 XOR
2 1 921 1070 1071 XOR
2 1 1069 1070 1072 AND
2 1 1068 1072 1073 XOR
2 1 926 1073 1074 XOR
2 1 959 1073 1075 XOR
2 1 926 1075 1076 XOR
2 1 1074 1075 1077 AND
2 1 1073 1077 1078 XOR
2 1 931 1078 1079 XOR
2 1 960 1078 1080 XOR
2 1 931 1080 1081 XOR
2 1 1079 1080 1082 AND
2 1 1078 1082 1083 XOR
2 1 1083 961 1084 XOR
2 1 1084 935 1085 XOR
2 1 0 39 1086 AND
2 1 1 39 1087 AND
2 1 2 39 1088 AND
2 1 3 39 1089 AND
2 1 4 39 1090 AND
2 1 5 39 1091 AND
2 1 6 39 1092 AND
2 1 7 39 1093 AND
2 1 8 39 1094 AND
2 1 9 39 1095 AND
2 1 10 39 1096 AND
2 1 11 39 1097 AND
2 1 12 39 1098 AND
2 1 13 39 1099 AND
2 1 14 39 1100 AND
2 1 15 39 1101 AND
2 1 16 39 1102 AND
2 1 17 39 1103 AND
2 1 18 39 1104 AND
2 1 19 39 1105 AND
2 1 20 39 1106 AND
2 1 21 39 1107 AND
2 1 22 39 1108 AND
2 1 23 39 1109 AND
2 1 24 39 1110 AND
2 1 966 1086 1111 XOR
2 1 966 1086 1112 AND
2 1 971 1112 1113 XOR
2 1 1087 1112 1114 XOR
2 1 971 1114 1115 XOR
2 1 1113 1114 1116 AND
2 1 1112 1116 1117 XOR
2 1 976 1117 1118 XOR
2 1 1088 1117 1119 XOR
2 1 976 1119 1120 XOR
2 1 1118 1119 1121 AND
2 1 1117 1121 1122 XOR
2 1 981 1122 1123 XOR
2 1 1089 1122 1124 XOR
2 1 981 1124 1125 XOR
2 1 1123 1124 1126 AND
2 1 1122 1126 1127 XOR
2 1 986 1127 1128 XOR
2 1 1090 1127 1129 XOR
2 1 986 1129 1130 XOR
2 1 1128 1129 1131 AND
2 1 1127 1131 1132 XOR
2 1 991 1132 1133 XOR
2 1 1091 1132 1134 XOR
2 1 991 1134 1135 XOR
2 1 1133 1134 1136 AND
2 1 1132 1136 1137 XOR
2 1 996 1137 1138 XOR
2 1 1092 1137 1139 XOR
2 1 996 1139 1140 XOR
2 1 1138 1139 1141 AND
2 1 1137 1141 1142 XOR
2 1 1001 1142 1143 XOR
2 1 1093 1142 1144 XOR
2 1 1001 1144 1145 XOR
2 1 1143 1144 1146 AND
2 1 1142 1146 1147 XOR
2 1 1006 1147 1148 XOR
2 1 1094 1147 1149 XOR
2 1 1006 1149 1150 XOR
2 1 1148 1149 1151 AND
2 1 1147 1151 1152 XOR
2 1 1011 1152 1153 XOR
2 1 1095 1152 1154 XOR
2 1 1011 1154 1155 XOR
2 1 1153 1154 1156 AND
2 1 1152 1156 1157 XOR
2 1 1016 1157 1158 XOR
2 1 1096 1157 1159 XOR
2 1 1016 1159 1160 XOR
2 1 1158 1159 1161 AND
2 1 1157 1161 1162 XOR
2 1 1021 1162 1163 XOR
2 1 1097 1162 1164 XOR
2 1 1021 1164 1165 XOR
2 1 1163 1164 1166 AND
2 1 1162 1166 1167 XOR
2 1 1026 1167 1168 XOR
2 1 1098 1167 1169 XOR
2 1 1026 1169 1170 XOR
2 1 1168 1169 1171 AND
2 1 1167 1171 1172 XOR
2 1 1031 1172 1173 XOR
2 1 1099 1172 1174 XOR
2 1 1031 1174 1175 XOR
2 1 1173 1174 1176 AND
2 1 1172 1176 1177 XOR
2 1 1036 1177 1178 XOR
2 1 1100 1177 1179 XOR
2 1 1036 1179 1180 XOR
2 1 1178 1179 1181 AND
2 1 1177 1181 1182 XOR
2 1 1041 1182 1183 XOR
2 1 1101 1182 1184 XOR
2 1 1041 1184 1185 XOR
2 1 1183 1184 1186 AND
2 1 1182 1186 1187 XOR
2 1 1046 1187 1188 XOR
2 1 1102 1187 1189 XOR
2 1 1046 1189 1190 XOR
2 1 1188 1189 1191 AND
2 1 1187 1191 1192 XOR
2 1 1051 1192 1193 XOR
2 1 1103 1192 1194 XOR
2 1 1051 1194 1195 XOR
2 1 1193 1194 1196 AND
2 1 1192 1196 1197 XOR
2 1 1056 1197 1198 XOR
2 1 1104 1197 1199 XOR
2 1 1056 1199 1200 XOR
2 1 1198 1199 1201 AND
2 1 1197 1201 1202 XOR
2 1 1061 1202 1203 XOR
2 1 1105 1202 1204 XOR
2 1 1061 1204 1205 XOR
2 1 1203 1204 1206 AND
2 1 1202 1206 1207 XOR
2 1 1066 1207 1208 XOR
2 1 1106 1207 1209 XOR
2 1 1066 1209 1210 XOR
2 1 1208 1209 1211 AND
2 1 1207 1211 1212 XOR
2 1 1071 1212 1213 XOR
2 1 1107 1212 1214 XOR
2 1 1071 1214 1215 XOR
2 1 1213 1214 1216 AND
2 1 1212 1216 1217 XOR
2 1 1076 1217 1218 XOR
2 1 1108 1217 1219 XOR
2 1 1076 1219 1220 XOR
2 1 1218 1219 1221 AND
2 1 1217 1221 1222 XOR
2 1 1081 1222 1223 XOR
2 1 1109 1222 1224 XOR
2 1 1081 1224 1225 XOR
2 1 1223 1224 1226 AND
2 1 1222 1226 1227 XOR
2 1 1227 1110 1228 XOR
2 1 1228 1085 1229 XOR
2 1 0 40 1230 AND
2 1 1 40 1231 AND
2 1 2 40 1232 AND
2 1 3 40 1233 AND
2 1 4 40 1234 AND
2 1 5 40 1235 AND
2 1 6 40 1236 AND
2 1 7 40 1237 AND
2 1 8 40 1238 AND
2 1 9 40 1239 AND
2 1 10 40 1240 AND
2 1 11 40 1241 AND
2 1 12 40 1242 AND
2 1 13 40 1243 AND
2 1 14 40 1244 AND
2 1 15 40 1245 AND
2 1 16 40 1246 AND
2 1 17 40 1247 AND
2 1 18 40 1248 AND
2 1 19 40 1249 AND
2 1 20 40 1250 AND
2 1 21 40 1251 AND
2 1 22 40 1252 AND
2 1 23 40 1253 AND
2 1 1115 1230 1254 XOR
2 1 1115 1230 1255 AND
2 1 1120 1255 1256 XOR
2 1 1231 1255 1257 XOR
2 1 1120 1257 1258 XOR
2 1 1256 1257 1259 AND
2 1 1255 1259 1260 XOR
2 1 1125 1260 1261 XOR
2 1 1232 1260 1262 XOR
2 1 1125 1262 1263 XOR
2 1 1261 1262 1264 AND
2 1 1260 1264 1265 XOR
2 1 1130 1265 1266 XOR
2 1 1233 1265 1267 XOR
2 1 1130 1267 1268 XOR
2 1 1266 1267 1269 AND
2 1 1265 1269 1270 XOR
2 1 1135 1270 1271 XOR
2 1 1234 1270 1272 XOR
2 1 1135 1272 1273 XOR
2 1 1271 1272 1274 AND
2 1 1270 1274 1275 XOR
2 1 1140 1275 1276 XOR
2 1 1235 1275 1277 XOR
2 1 1140 1277 1278 XOR
2 1 1276 1277 1279 AND
2 1 1275 1279 1280 XOR
2 1 1145 1280 1281 XOR
2 1 1236 1280 1282 XOR
2 1 1145 1282 1283 XOR
2 1 1281 1282 1284 AND
2 1 1280 1284 1285 XOR
2 1 1150 1285 1286 XOR
2 1 1237 1285 1287 XOR
2 1 1150 1287 1288 XOR
2 1 1286 1287 1289 AND
2 1 1285 1289 1290 XOR
2 1 1155 1290 1291 XOR
2 1 1238 1290 1292 XOR
2 1 1155 1292 1293 XOR
2 1 1291 1292 1294 AND
2 1 1290 1294 1295 XOR
2 1 1160 1295 1296 XOR
2 1 1239 1295 1297 XOR
2 1 1160 1297 1298 XOR
2 1 1296 1297 1299 AND
2 1 1295 1299 1300 XOR
2 1 1165 1300 1301 XOR
2 1 1240 1300 1302 XOR
2 1 1165 1302 1303 XOR
2 1 1301 1302 1304 AND
2 1 1300 1304 1305 XOR
2 1 1170 1305 1306 XOR
2 1 1241 1305 1307 XOR
2 1 1170 1307 1308 XOR
2 1 1306 1307 1309 AND
2 1 1305 1309 1310 XOR
2 1 1175 1310 1311 XOR
2 1 1242 1310 1312 XOR
2 1 1175 1312 1313 XOR
2 1 1311 1312 1314 AND
2 1 1310 1314 1315 XOR
2 1 1180 1315 1316 XOR
2 1 1243 1315 1317 XOR
2 1 1180 1317 1318 XOR
2 1 1316 1317 1319 AND
2 1 1315 1319 1320 XOR
2 1 1185 1320 1321 XOR
2 1 1244 1320 1322 XOR
2 1 1185 1322 1323 XOR
2 1 1321 1322 1324 AND
2 1 1320 1324 1325 XOR
2 1 1190 1325 1326 XOR
2 1 1245 1325 1327 XOR
2 1 1190 1327 1328 XOR
2 1 1326 1327 1329 AND
2 1 1325 1329 1330 XOR
2 1 1195 1330 1331 XOR
2 1 1246 1330 1332 XOR
2 1 1195 1332 1333 XOR
2 1 1331 1332 1334 AND
2 1 1330 1334 1335 XOR
2 1 1200 1335 1336 XOR
2 1 1247 1335 1337 XOR
2 1 1200 1337 1338 XOR
2 1 1336 1337 1339 AND
2 1 1335 1339 1340 XOR
2 1 1205 1340 1341 XOR
2 1 1248 1340 1342 XOR
2 1 1205 1342 1343 XOR
2 1 1341 1342 1344 AND
2 1 1340 1344 1345 XOR
2 1 1210 1345 1346 XOR
2 1 1249 1345 1347 XOR
2 1 1210 1347 1348 XOR
2 1 1346 1347 1349 AND
2 1 1345 1349 1350 XOR
2 1 1215 1350 1351 XOR
2 1 1250 1350 1352 XOR
2 1 1215 1352 1353 XOR
2 1 1351 1352 1354 AND
2 1 1350 1354 1355 XOR
2 1 1220 1355 1356 XOR
2 1 1251 1355 1357 XOR
2 1 1220 1357 1358 XOR
2 1 1356 1357 1359 AND
2 1 1355 1359 1360 XOR
2 1 1225 1360 1361 XOR
2 1 1252 1360 1362 XOR
2 1 1225 1362 1363 XOR
2 1 1361 1362 1364 AND
2 1 1360 1364 1365 XOR
2 1 1365 1253 1366 XOR
2 1 1366 1229 1367 XOR
2 1 0 41 1368 AND
2 1 1 41 1369 AND
2 1 2 41 1370 AND
2 1 3 41 1371 AND
2 1 4 41 1372 AND
2 1 5 41 1373 AND
2 1 6 41 1374 AND
2 1 7 41 1375 AND
2 1 8 41 1376 AND
2 1 9 41 1377 AND
2 1 10 41 1378 AND
2 1 11 41 1379 AND
2 1 12 41 1380 AND
2 1 13 41 1381 AND
2 1 14 41 1382 AND
2 1 15 41 1383 AND
2 1 16 41 1384 AND
2 1 17 41 1385 AND
2 1 18 41 1386 AND
2 1 19 41 1387 AND
2 1 20 41 1388 AND
2 1 21 41 1389 AND
2 1 22 41 1390 AND
2 1 1258 1368 1391 XOR
2 1 1258 1368 1392 AND
2 1 1263 1392 1393 XOR
2 1 1369 1392 1394 XOR
2 1 1263 1394 1395 XOR
2 1 1393 1394 1396 AND
2 1 1392 1396 1397 XOR
2 1 1268 1397 1398 XOR
2 1 1370 1397 1399 XOR
2 1 1268 1399 1400 XOR
2 1 1398 1399 1401 AND
2 1 1397 1401 1402 XOR
2 1 1273 1402 1403 XOR
2 1 1371 1402 1404 XOR
2 1 1273 1404 1405 XOR
2 1 1403 1404 1406 AND
2 1 1402 1406 1407 XOR
2 1 1278 1407 1408 XOR
2 1 1372 1407 1409 XOR
2 1 1278 1409 1410 XOR
2 1 1408 1409 1411 AND
2 1 1407 1411 1412 XOR
2 1 1283 1412 1413 XOR
2 1 1373 1412 1414 XOR
2 1 1283 1414 1415 XOR
2 1 1413 1414 1416 AND
2 1 1412 1416 1417 XOR
2 1 1288 1417 1418 XOR
2 1 1374 1417 1419 XOR
2 1 1288 1419 1420 XOR
2 1 1418 1419 1421 AND
2 1 1417 1421 1422 XOR
2 1 1293 1422 1423 XOR
2 1 1375 1422 1424 XOR
2 1 1293 1424 1425 XOR
2 1 1423 1424 1426 AND
2 1 1422 1426 1427 XOR
2 1 1298 1427 1428 XOR
2 1 1376 1427 1429 XOR
2 1 1298 1429 1430 XOR
2 1 1428 1429 1431 AND
2 1 1427 1431 1432 XOR
2 1 1303 1432 1433 XOR
2 1 1377 1432 1434 XOR
2 1 1303 1434 1435 XOR
2 1 1433 1434 1436 AND
2 1 1432 1436 1437 XOR
2 1 1308 1437 1438 XOR
2 1 1378 1437 1439 XOR
2 1 1308 1439 1440 XOR
2 1 1438 1439 1441 AND
2 1 1437 1441 1442 XOR
2 1 1313 1442 1443 XOR
2 1 1379 1442 1444 XOR
2 1 1313 1444 1445 XOR
2 1 1443 1444 1446 AND
2 1 1442 1446 1447 XOR
2 1 1318 1447 1448 XOR
2 1 1380 1447 1449 XOR
2 1 1318 1449 1450 XOR
2 1 1448 1449 1451 AND
2 1 1447 1451 1452 XOR
2 1 1323 1452 1453 XOR
2 1 1381 1452 1454 XOR
2 1 1323 1454 1455 XOR
2 1 1453 1454 1456 AND
2 1 1452 1456 1457 XOR
2 1 1328 1457 1458 XOR
2 1 1382 1457 1459 XOR
2 1 1328 1459 1460 XOR
2 1 1458 1459 1461 AND
2 1 1457 1461 1462 XOR
2 1 1333 1462 1463 XOR
2 1 1383 1462 1464 XOR
2 1 1333 1464 1465 XOR
2 1 1463 1464 1466 AND
2 1 1462 1466 1467 XOR
2 1 1338 1467 1468 XOR
2 1 1384 1467 1469 XOR
2 1 1338 1469 1470 XOR
2 1 1468 1469 1471 AND
2 1 1467 1471 1472 XOR
2 1 1343 1472 1473 XOR
2 1 1385 1472 1474 XOR
2 1 1343 1474 1475 XOR
2 1 1473 1474 1476 AND
2 1 1472 1476 1477 XOR
2 1 1348 1477 1478 XOR
2 1 1386 1477 1479 XOR
2 1 1348 1479 1480 XOR
2 1 1478 1479 1481 AND
2 1 1477 1481 1482 XOR
2 1 1353 1482 1483 XOR
2 1 1387 1482 1484 XOR
2 1 1353 1484 1485 XOR
2 1 1483 1484 1486 AND
2 1 1482 1486 1487 XOR
2 1 1358 1487 1488 XOR
2 1 1388 1487 1489 XOR
2 1 1358 1489 1490 XOR
2 1 1488 1489 1491 AND
2 1 1487 1491 1492 XOR
2 1 1363 1492 1493 XOR
2 1 1389 1492 1494 XOR
2 1 1363 1494 1495 XOR
2 1 1493 1494 1496 AND
2 1 1492 1496 1497 XOR
2 1 1497 1390 1498 XOR
2 1 1498 1367 1499 XOR
2 1 0 42 1500 AND
2 1 1 42 1501 AND
2 1 2 42 1502 AND
2 1 3 42 1503 AND
2 1 4 42 1504 AND
2 1 5 42 1505 AND
2 1 6 42 1506 AND
2 1 7 42 1507 AND
2 1 8 42 1508 AND
2 1 9 42 1509 AND
2 1 10 42 1510 AND
2 1 11 42 1511 AND
2 1 12 42 1512 AND
2 1 13 42 1513 AND
2 1 14 42 1514 AND
2 1 15 42 1515 AND
2 1 16 42 1516 AND
2 1 17 42 1517 AND
2 1 18 42 1518 AND
2 1 19 42 1519 AND
2 1 20 42 1520 AND
2 1 21 42 1521 AND
2 1 1395 1500 1522 XOR
2 1 1395 1500 1523 AND
2 1 1400 1523 1524 XOR
2 1 1501 1523 1525 XOR
2 1 1400 1525 1526 XOR
2 1 1524 1525 1527 AND
2 1 1523 1527 1528 XOR
2 1 1405 1528 1529 XOR
2 1 1502 1528 1530 XOR
2 1 1405 1530 1531 XOR
2 1 1529 1530 1532 AND
2 1 1528 1532 1533 XOR
2 1 1410 1533 1534 XOR
2 1 1503 1533 1535 XOR
2 1 1410 1535 1536 XOR
2 1 1534 1535 1537 AND
2 1 1533 1537 1538 XOR
2 1 1415 1538 1539 XOR
2 1 1504 1538 1540 XOR
2 1 1415 1540 1541 XOR
2 1 1539 1540 1542 AND
2 1 1538 1542 1543 XOR
2 1 1420 1543 1544 XOR
2 1 1505 1543 1545 XOR
2 1 1420 1545 1546 XOR
2 1 1544 1545 1547 AND
2 1 1543 1547 1548 XOR
2 1 1425 1548 1549 XOR
2 1 1506 1548 1550 XOR
2 1 1425 1550 1551 XOR
2 1 1549 1550 1552 AND
2 1 1548 1552 1553 XOR
2 1 1430 1553 1554 XOR
2 1 1507 1553 1555 XOR
2 1 1430 1555 1556 XOR
2 1 1554 1555 1557 AND
2 1 1553 1557 1558 XOR
2 1 1435 1558 1559 XOR
2 1 1508 1558 1560 XOR
2 1 1435 1560 1561 XOR
2 1 1559 1560 1562 AND
2 1 1558 1562 1563 XOR
2 1 1440 1563 1564 XOR
2 1 1509 1563 1565 XOR
2 1 1440 1565 1566 XOR
2 1 1564 1565 1567 AND
2 1 1563 1567 1568 XOR
2 1 1445 1568 1569 XOR
2 1 1510 1568 1570 XOR
2 1 1445 1570 1571 XOR
2 1 1569 1570 1572 AND
2 1 1568 1572 1573 XOR
2 1 1450 1573 1574 XOR
2 1 1511 1573 1575 XOR
2 1 1450 1575 1576 XOR
2 1 1574 1575 1577 AND
2 1 1573 1577 1578 XOR
2 1 1455 1578 1579 XOR
2 1 1512 1578 1580 XOR
2 1 1455 1580 1581 XOR
2 1 1579 1580 1582 AND
2 1 1578 1582 1583 XOR
2 1 1460 1583 1584 XOR
2 1 1513 1583 1585 XOR
2 1 1460 1585 1586 XOR
2 1 1584 1585 1587 AND
2 1 1583 1587 1588 XOR
2 1 1465 1588 1589 XOR
2 1 1514 1588 1590 XOR
2 1 1465 1590 1591 XOR
2 1 1589 1590 1592 AND
2 1 1588 1592 1593 XOR
2 1 1470 1593 1594 XOR
2 1 1515 1593 1595 XOR
2 1 1470 1595 1596 XOR
2 1 1594 1595 1597 AND
2 1 1593 1597 1598 XOR
2 1 1475 1598 1599 XOR
2 1 1516 1598 1600 XOR
2 1 1475 1600 1601 XOR
2 1 1599 1600 1602 AND
2 1 1598 1602 1603 XOR
2 1 1480 1603 1604 XOR
2 1 1517 1603 1605 XOR
2 1 1480 1605 1606 XOR
2 1 1604 1605 1607 AND
2 1 1603 1607 1608 XOR
2 1 1485 1608 1609 XOR
2 1 1518 1608 1610 XOR
2 1 1485 1610 1611 XOR
2 1 1609 1610 1612 AND
2 1 1608 1612 1613 XOR
2 1 1490 1613 1614 XOR
2 1 1519 1613 1615 XOR
2 1 1490 1615 1616 XOR
2 1 1614 1615 1617 AND
2 1 1613 1617 1618 XOR
2 1 1495 1618 1619 XOR
2 1 1520 1618 1620 XOR
2 1 1495 1620 1621 XOR
2 1 1619 1620 1622 AND
2 1 1618 1622 1623 XOR
2 1 1623 1521 1624 XOR
2 1 1624 1499 1625 XOR
2 1 0 43 1626 AND
2 1 1 43 1627 AND
2 1 2 43 1628 AND
2 1 3 43 1629 AND
2 1 4 43 1630 AND
2 1 5 43 1631 AND
2 1 6 43 1632 AND
2 1 7 43 1633 AND
2 1 8 43 1634 AND
2 1 9 43 1635 AND
2 1 10 43 1636 AND
2 1 11 43 1637 AND
2 1 12 43 1638 AND
2 1 13 43 1639 AND
2 1 14 43 1640 AND
2 1 15 43 1641 AND
2 1 16 43 1642 AND
2 1 17 43 1643 AND
2 1 18 43 1644 AND
2 1 19 43 1645 AND
2 1 20 43 1646 AND
2 1 1526 1626 1647 XOR
2 1 1526 1626 1648 AND
2 1 1531 1648 1649 XOR
2 1 1627 1648 1650 XOR
2 1 1531 1650 1651 XOR
2 1 1649 1650 1652 AND
2 1 1648 1652 1653 XOR
2 1 1536 1653 1654 XOR
2 1 1628 1653 1655 XOR
2 1 1536 1655 1656 XOR
2 1 1654 1655 1657 AND
2 1 1653 1657 1658 XOR
2 1 1541 1658 1659 XOR
2 1 1629 1658 1660 XOR
2 1 1541 1660 1661 XOR
2 1 1659 1660 1662 AND
2 1 1658 1662 1663 XOR
2 1 1546 1663 1664 XOR
2 1 1630 1663 1665 XOR
2 1 1546 1665 1666 XOR
2 1 1664 1665 1667 AND
2 1 1663 1667 1668 XOR
2 1 1551 1668 1669 XOR
2 1 1631 1668 1670 XOR
2 1 1551 1670 1671 XOR
2 1 1669 1670 1672 AND
2 1 1668 1672 1673 XOR
2 1 1556 1673 1674 XOR
2 1 1632 1673 1675 XOR
2 1 1556 1675 1676 XOR
2 1 1674 1675 1677 AND
2 1 1673 1677 1678 XOR
2 1 1561 1678 1679 XOR
2 1 1633 1678 1680 XOR
2 1 1561 1680 1681 XOR
2 1 1679 1680 1682 AND
2 1 1678 1682 1683 XOR
2 1 1566 1683 1684 XOR
2 1 1634 1683 1685 XOR
2 1 1566 1685 1686 XOR
2 1 1684 1685 1687 AND
2 1 1683 1687 1688 XOR
2 1 1571 1688 1689 XOR
2 1 1635 1688 1690 XOR
2 1 1571 1690 1691 XOR
2 1 1689 1690 1692 AND
2 1 1688 1692 1693 XOR
2 1 1576 1693 1694 XOR
2 1 1636 1693 1695 XOR
2 1 1576 1695 1696 XOR
2 1 1694 1695 1697 AND
2 1 1693 1697 1698 XOR
2 1 1581 1698 1699 XOR
2 1 1637 1698 1700 XOR
2 1 1581 1700 1701 XOR
2 1 1699 1700 1702 AND
2 1 1698 1702 1703 XOR
2 1 1586 1703 1704 XOR
2 1 1638 1703 1705 XOR
2 1 1586 1705 1706 XOR
2 1 1704 1705 1707 AND
2 1 1703 1707 1708 XOR
2 1 1591 1708 1709 XOR
2 1 1639 1708 1710 XOR
2 1 1591 1710 1711 XOR
2 1 1709 1710 1712 AND
2 1 1708 1712 1713 XOR
2 1 1596 1713 1714 XOR
2 1 1640 1713 1715 XOR
2 1 1596 1715 1716 XOR
2 1 1714 1715 1717 AND
2 1 1713 1717 1718 XOR
2 1 1601 1718 1719 XOR
2 1 1641 1718 1720 XOR
2 1 1601 1720 1721 XOR
2 1 1719 1720 1722 AND
2 1 1718 1722 1723 XOR
2 1 1606 1723 1724 XOR
2 1 1642 1723 1725 XOR
2 1 1606 1725 1726 XOR
2 1 1724 1725 1727 AND
2 1 1723 1727 1728 XOR
2 1 1611 1728 1729 XOR
2 1 1643 1728 1730 XOR
2 1 1611 1730 1731 XOR
2 1 1729 1730 1732 AND
2 1 1728 1732 1733 XOR
2 1 1616 1733 1734 XOR
2 1 1644 1733 1735 XOR
2 1 1616 1735 1736 XOR
2 1 1734 1735 1737 AND
2 1 1733 1737 1738 XOR
2 1 1621 1738 1739 XOR
2 1 1645 1738 1740 XOR
2 1 1621 1740 1741 XOR
2 1 1739 1740 1742 AND
2 1 1738 1742 1743 XOR
2 1 1743 1646 1744 XOR
2 1 1744 1625 1745 XOR
2 1 0 44 1746 AND
2 1 1 44 1747 AND
2 1 2 44 1748 AND
2 1 3 44 1749 AND
2 1 4 44 1750 AND
2 1 5 44 1751 AND
2 1 6 44 1752 AND
2 1 7 44 1753 AND
2 1 8 44 1754 AND
2 1 9 44 1755 AND
2 1 10 44 1756 AND
2 1 11 44 1757 AND
2 1 12 44 1758 AND
2 1 13 44 1759 AND
2 1 14 44 1760 AND
2 1 15 44 1761 AND
2 1 16 44 1762 AND
2 1 17 44 1763 AND
2 1 18 44 1764 AND
2 1 19 44 1765 AND
2 1 1651 1746 1766 XOR
2 1 1651 1746 1767 AND
2 1 1656 1767 1768 XOR
2 1 1747 1767 1769 XOR
2 1 1656 1769 1770 XOR
2 1 1768 1769 1771 AND
2 1 1767 1771 1772 XOR
2 1 1661 1772 1773 XOR
2 1 1748 1772 1774 XOR
2 1 1661 1774 1775 XOR
2 1 1773 1774 1776 AND
2 1 1772 1776 1777 XOR
2 1 1666 1777 1778 XOR
2 1 1749 1777 1779 XOR
2 1 1666 1779 1780 XOR
2 1 1778 1779 1781 AND
2 1 1777 1781 1782 XOR
2 1 1671 1782 1783 XOR
2 1 1750 1782 1784 XOR
2 1 1671 1784 1785 XOR
2 1 1783 1784 1786 AND
2 1 1782 1786 1787 XOR
2 1 1676 1787 1788 XOR
2 1 1751 1787 1789 XOR
2 1 1676 1789 1790 XOR
2 1 1788 1789 1791 AND
2 1 1787 1791 1792 XOR
2 1 1681 1792 1793 XOR
2 1 1752 1792 1794 XOR
2 1 1681 1794 1795 XOR
2 1 1793 1794 1796 AND
2 1 1792 1796 1797 XOR
2 1 1686 1797 1798 XOR
2 1 1753 1797 1799 XOR
2 1 1686 1799 1800 XOR
2 1 1798 1799 1801 AND
2 1 1797 1801 1802 XOR
2 1 1691 1802 1803 XOR
2 1 1754 1802 1804 XOR
2 1 1691 1804 1805 XOR
2 1 1803 1804 1806 AND
2 1 1802 1806 1807 XOR
2 1 1696 1807 1808 XOR
2 1 1755 1807 1809 XOR
2 1 1696 1809 1810 XOR
2 1 1808 1809 1811 AND
2 1 1807 1811 1812 XOR
2 1 1701 1812 1813 XOR
2 1 1756 1812 1814 XOR
2 1 1701 1814 1815 XOR
2 1 1813 1814 1816 AND
2 1 1812 1816 1817 XOR
2 1 1706 1817 1818 XOR
2 1 1757 1817 1819 XOR
2 1 1706 1819 1820 XOR
2 1 1818 1819 1821 AND
2 1 1817 1821 1822 XOR
2 1 1711 1822 1823 XOR
2 1 1758 1822 1824 XOR
2 1 1711 1824 1825 XOR
2 1 1823 1824 1826 AND
2 1 1822 1826 1827 XOR
2 1 1716 1827 1828 XOR
2 1 1759 1827 1829 XOR
2 1 1716 1829 1830 XOR
2 1 1828 1829 1831 AND
2 1 1827 1831 1832 XOR
2 1 1721 1832 1833 XOR
2 1 1760 1832 1834 XOR
2 1 1721 1834 1835 XOR
2 1 1833 1834 1836 AND
2 1 1832 1836 1837 XOR
2 1 1726 1837 1838 XOR
2 1 1761 1837 1839 XOR
2 1 1726 1839 1840 XOR
2 1 1838 1839 1841 AND
2 1 1837 1841 1842 XOR
2 1 1731 1842 1843 XOR
2 1 1762 1842 1844 XOR
2 1 1731 1844 1845 XOR
2 1 1843 1844 1846 AND
2 1 1842 1846 1847 XOR
2 1 1736 1847 1848 XOR
2 1 1763 1847 1849 XOR
2 1 1736 1849 1850 XOR
2 1 1848 1849 1851 AND
2 1 1847 1851 1852 XOR
2 1 1741 1852 1853 XOR
2 1 1764 1852 1854 XOR
2 1 1741 1854 1855 XOR
2 1 1853 1854 1856 AND
2 1 1852 1856 1857 XOR
2 1 1857 1765 1858 XOR
2 1 1858 1745 1859 XOR
2 1 0 45 1860 AND
2 1 1 45 1861 AND
2 1 2 45 1862 AND
2 1 3 45 1863 AND
2 1 4 45 1864 AND
2 1 5 45 1865 AND
2 1 6 45 1866 AND
2 1 7 45 1867 AND
2 1 8 45 1868 AND
2 1 9 45 1869 AND
2 1 10 45 1870 AND
2 1 11 45 1871 AND
2 1 12 45 1872 AND
2 1 13 45 1873 AND
2 1 14 45 1874 AND
2 1 15 45 1875 AND
2 1 16 45 1876 AND
2 1 17 45 1877 AND
2 1 18 45 1878 AND
2 1 1770 1860 1879 XOR
2 1 1770 1860 1880 AND
2 1 1775 1880 1881 XOR
2 1 1861 1880 1882 XOR
2 1 1775 1882 1883 XOR
2 1 1881 1882 1884 AND
2 1 1880 1884 1885 XOR
2 1 1780 1885 1886 XOR
2 1 1862 1885 1887 XOR
2 1 1780 1887 1888 XOR
2 1 1886 1887 1889 AND
2 1 1885 1889 1890 XOR
2 1 1785 1890 1891 XOR
2 1 1863 1890 1892 XOR
2 1 1785 1892 1893 XOR
2 1 1891 1892 1894 AND
2 1 1890 1894 1895 XOR
2 1 1790 1895 1896 XOR
2 1 1864 1895 1897 XOR
2 1 1790 1897 1898 XOR
2 1 1896 1897 1899 AND
2 1 1895 1899 1900 XOR
2 1 1795 1900 1901 XOR
2 1 1865 1900 1902 XOR
2 1 1795 1902 1903 XOR
2 1 1901 1902 1904 AND
2 1 1900 1904 1905 XOR
2 1 1800 1905 1906 XOR
2 1 1866 1905 1907 XOR
2 1 1800 1907 1908 XOR
2 1 1906 1907 1909 AND
2 1 1905 1909 1910 XOR
2 1 1805 1910 1911 XOR
2 1 1867 1910 1912 XOR
2 1 1805 1912 1913 XOR
2 1 1911 1912 1914 AND
2 1 1910 1914 1915 XOR
2 1 1810 1915 1916 XOR
2 1 1868 1915 1917 XOR
2 1 1810 1917 1918 XOR
2 1 1916 1917 1919 AND
2 1 1915 1919 1920 XOR
2 1 1815 1920 1921 XOR
2 1 1869 1920 1922 XOR
2 1 1815 1922 1923 XOR
2 1 1921 1922 1924 AND
2 1 1920 1924 1925 XOR
2 1 1820 1925 1926 XOR
2 1 1870 1925 1927 XOR
2 1 1820 1927 1928 XOR
2 1 1926 1927 1929 AND
2 1 1925 1929 1930 XOR
2 1 1825 1930 1931 XOR
2 1 1871 1930 1932 XOR
2 1 1825 1932 1933 XOR
2 1 1931 1932 1934 AND
2 1 1930 1934 1935 XOR
2 1 1830 1935 1936 XOR
2 1 1872 1935 1937 XOR
2 1 1830 1937 1938 XOR
2 1 1936 1937 1939 AND
2 1 1935 1939 1940 XOR
2 1 1835 1940 1941 XOR
2 1 1873 1940 1942 XOR
2 1 1835 1942 1943 XOR
2 1 1941 1942 1944 AND
2 1 1940 1944 1945 XOR
2 1 1840 1945 1946 XOR
2 1 1874 1945 1947 XOR
2 1 1840 1947 1948 XOR
2 1 1946 1947 1949 AND
2 1 1945 1949 1950 XOR
2 1 1845 1950 1951 XOR
2 1 1875 1950 1952 XOR
2 1 1845 1952 1953 XOR
2 1 1951 1952 1954 AND
2 1 1950 1954 1955 XOR
2 1 1850 1955 1956 XOR
2 1 1876 1955 1957 XOR
2 1 1850 1957 1958 XOR
2 1 1956 1957 1959 AND
2 1 1955 1959 1960 XOR
2 1 1855 1960 1961 XOR
2 1 1877 1960 1962 XOR
2 1 1855 1962 1963 XOR
2 1 1961 1962 1964 AND
2 1 1960 1964 1965 XOR
2 1 1965 1878 1966 XOR
2 1 1966 1859 1967 XOR
2 1 0 46 1968 AND
2 1 1 46 1969 AND
2 1 2 46 1970 AND
2 1 3 46 1971 AND
2 1 4 46 1972 AND
2 1 5 46 1973 AND
2 1 6 46 1974 AND
2 1 7 46 1975 AND
2 1 8 46 1976 AND
2 1 9 46 1977 AND
2 1 10 46 1978 AND
2 1 11 46 1979 AND
2 1 12 46 1980 AND
2 1 13 46 1981 AND
2 1 14 46 1982 AND
2 1 15 46 1983 AND
2 1 16 46 1984 AND
2 1 17 46 1985 AND
2 1 1883 1968 1986 XOR
2 1 1883 1968 1987 AND
2 1 1888 1987 1988 XOR
2 1 1969 1987 1989 XOR
2 1 1888 1989 1990 XOR
2 1 1988 1989 1991 AND
2 1 1987 1991 1992 XOR
2 1 1893 1992 1993 XOR
2 1 1970 1992 1994 XOR
2 1 1893 1994 1995 XOR
2 1 1993 1994 1996 AND
2 1 1992 1996 1997 XOR
2 1 1898 1997 1998 XOR
2 1 1971 1997 1999 XOR
2 1 1898 1999 2000 XOR
2 1 1998 1999 2001 AND
2 1 1997 2001 2002 XOR
2 1 1903 2002 2003 XOR
2 1 1972 2002 2004 XOR
2 1 1903 2004 2005 XOR
2 1 2003 2004 2006 AND
2 1 2002 2006 2007 XOR
2 1 1908 2007 2008 XOR
2 1 1973 2007 2009 XOR
2 1 1908 2009 2010 XOR
2 1 2008 2009 2011 AND
2 1 2007 2011 2012 XOR
2 1 1913 2012 2013 XOR
2 1 1974 2012 2014 XOR
2 1 1913 2014 2015 XOR
2 1 2013 2014 2016 AND
2 1 2012 2016 2017 XOR
2 1 1918 2017 2018 XOR
2 1 1975 2017 2019 XOR
2 1 1918 2019 2020 XOR
2 1 2018 2019 2021 AND
2 1 2017 2021 2022 XOR
2 1 1923 2022 2023 XOR
2 1 1976 2022 2024 XOR
2 1 1923 2024 2025 XOR
2 1 2023 2024 2026 AND
2 1 2022 2026 2027 XOR
2 1 1928 2027 2028 XOR
2 1 1977 2027 2029 XOR
2 1 1928 2029 2030 XOR
2 1 2028 2029 2031 AND
2 1 2027 2031 2032 XOR
2 1 1933 2032 2033 XOR
2 1 1978 2032 2034 XOR
2 1 1933 2034 2035 XOR
2 1 2033 2034 2036 AND
2 1 2032 2036 2037 XOR
2 1 1938 2037 2038 XOR
2 1 1979 2037 2039 XOR
2 1 1938 2039 2040 XOR
2 1 2038 2039 2041 AND
2 1 2037 2041 2042 XOR
2 1 1943 2042 2043 XOR
2 1 1980 2042 2044 XOR
2 1 1943 2044 2045 XOR
2 1 2043 2044 2046 AND
2 1 2042 2046 2047 XOR
2 1 1948 2047 2048 XOR
2 1 1981 2047 2049 XOR
2 1 1948 2049 2050 XOR
2 1 2048 2049 2051 AND
2 1 2047 2051 2052 XOR
2 1 1953 2052 2053 XOR
2 1 1982 2052 2054 XOR
2 1 1953 2054 2055 XOR
2 1 2053 2054 2056 AND
2 1 2052 2056 2057 XOR
2 1 1958 2057 2058 XOR
2 1 1983 2057 2059 XOR
2 1 1958 2059 2060 XOR
2 1 2058 2059 2061 AND
2 1 2057 2061 2062 XOR
2 1 1963 2062 2063 XOR
2 1 1984 2062 2064 XOR
2 1 1963 2064 2065 XOR
2 1 2063 2064 2066 AND
2 1 2062 2066 2067 XOR
2 1 2067 1985 2068 XOR
2 1 2068 1967 2069 XOR
2 1 0 47 2070 AND
2 1 1 47 2071 AND
2 1 2 47 2072 AND
2 1 3 47 2073 AND
2 1 4 47 2074 AND
2 1 5 47 2075 AND
2 1 6 47 2076 AND
2 1 7 47 2077 AND
2 1 8 47 2078 AND
2 1 9 47 2079 AND
2 1 10 47 2080 AND
2 1 11 47 2081 AND
2 1 12 47 2082 AND
2 1 13 47 2083 AND
2 1 14 47 2084 AND
2 1 15 47 2085 AND
2 1 16 47 2086 AND
2 1 1990 2070 2087 XOR
2 1 1990 2070 2088 AND
2 1 1995 2088 2089 XOR
2 1 2071 2088 2090 XOR
2 1 1995 2090 2091 XOR
2 1 2089 2090 2092 AND
2 1 2088 2092 2093 XOR
2 1 2000 2093 2094 XOR
2 1 2072 2093 2095 XOR
2 1 2000 2095 2096 XOR
2 1 2094 2095 2097 AND
2 1 2093 2097 2098 XOR
2 1 2005 2098 2099 XOR
2 1 2073 2098 2100 XOR
2 1 2005 2100 2101 XOR
2 1 2099 2100 2102 AND
2 1 2098 2102 2103 XOR
2 1 2010 2103 2104 XOR
2 1 2074 2103 2105 XOR
2 1 2010 2105 2106 XOR
2 1 2104 2105 2107 AND
2 1 2103 2107 2108 XOR
2 1 2015 2108 2109 XOR
2 1 2075 2108 2110 XOR
2 1 2015 2110 2111 XOR
2 1 2109 2110 2112 AND
2 1 2108 2112 2113 XOR
2 1 2020 2113 2114 XOR
2 1 2076 2113 2115 XOR
2 1 2020 2115 2116 XOR
2 1 2114 2115 2117 AND
2 1 2113 2117 2118 XOR
2 1 2025 2118 2119 XOR
2 1 2077 2118 2120 XOR
2 1 2025 2120 2121 XOR
2 1 2119 2120 2122 AND
2 1 2118 2122 2123 XOR
2 1 2030 2123 2124 XOR
2 1 2078 2123 2125 XOR
2 1 2030 2125 2126 XOR
2 1 2124 2125 2127 AND
2 1 2123 2127 2128 XOR
2 1 2035 2128 2129 XOR
2 1 2079 2128 2130 XOR
2 1 2035 2130 2131 XOR
2 1 2129 2130 2132 AND
2 1 2128 2132 2133 XOR
2 1 2040 2133 2134 XOR
2 1 2080 2133 2135 XOR
2 1 2040 2135 2136 XOR
2 1 2134 2135 2137 AND
2 1 2133 2137 2138 XOR
2 1 2045 2138 2139 XOR
2 1 2081 2138 2140 XOR
2 1 2045 2140 2141 XOR
2 1 2139 2140 2142 AND
2 1 2138 2142 2143 XOR
2 1 2050 2143 2144 XOR
2 1 2082 2143 2145 XOR
2 1 2050 2145 2146 XOR
2 1 2144 2145 2147 AND
2 1 2143 2147 2148 XOR
2 1 2055 2148 2149 XOR
2 1 2083 2148 2150 XOR
2 1 2055 2150 2151 XOR
2 1 2149 2150 2152 AND
2 1 2148 2152 2153 XOR
2 1 2060 2153 2154 XOR
2 1 2084 2153 2155 XOR
2 1 2060 2155 2156 XOR
2 1 2154 2155 2157 AND
2 1 2153 2157 2158 XOR
2 1 2065 2158 2159 XOR
2 1 2085 2158 2160 XOR
2 1 2065 2160 2161 XOR
2 1 2159 2160 2162 AND
2 1 2158 2162 2163 XOR
2 1 2163 2086 2164 XOR
2 1 2164 2069 2165 XOR
2 1 0 48 2166 AND
2 1 1 48 2167 AND
2 1 2 48 2168 AND
2 1 3 48 2169 AND
2 1 4 48 2170 AND
2 1 5 48 2171 AND
2 1 6 48 2172 AND
2 1 7 48 2173 AND
2 1 8 48 2174 AND
2 1 9 48 2175 AND
2 1 10 48 2176 AND
2 1 11 48 2177 AND
2 1 12 48 2178 AND
2 1 13 48 2179 AND
2 1 14 48 2180 AND
2 1 15 48 2181 AND
2 1 2091 2166 2182 XOR
2 1 2091 2166 2183 AND
2 1 2096 2183 2184 XOR
2 1 2167 2183 2185 XOR
2 1 2096 2185 2186 XOR
2 1 2184 2185 2187 AND
2 1 2183 2187 2188 XOR
2 1 2101 2188 2189 XOR
2 1 2168 2188 2190 XOR
2 1 2101 2190 2191 XOR
2 1 2189 2190 2192 AND
2 1 2188 2192 2193 XOR
2 1 2106 2193 2194 XOR
2 1 2169 2193 2195 XOR
2 1 2106 2195 2196 XOR
2 1 2194 2195 2197 AND
2 1 2193 2197 2198 XOR
2 1 2111 2198 2199 XOR
2 1 2170 2198 2200 XOR
2 1 2111 2200 2201 XOR
2 1 2199 2200 2202 AND
2 1 2198 2202 2203 XOR
2 1 2116 2203 2204 XOR
2 1 2171 2203 2205 XOR
2 1 2116 2205 2206 XOR
2 1 2204 2205 2207 AND
2 1 2203 2207 2208 XOR
2 1 2121 2208 2209 XOR
2 1 2172 2208 2210 XOR
2 1 2121 2210 2211 XOR
2 1 2209 2210 2212 AND
2 1 2208 2212 2213 XOR
2 1 2126 2213 2214 XOR
2 1 2173 2213 2215 XOR
2 1 2126 2215 2216 XOR
2 1 2214 2215 2217 AND
2 1 2213 2217 2218 XOR
2 1 2131 2218 2219 XOR
2 1 2174 2218 2220 XOR
2 1 2131 2220 2221 XOR
2 1 2219 2220 2222 AND
2 1 2218 2222 2223 XOR
2 1 2136 2223 2224 XOR
2 1 2175 2223 2225 XOR
2 1 2136 2225 2226 XOR
2 1 2224 2225 2227 AND
2 1 2223 2227 2228 XOR
2 1 2141 2228 2229 XOR
2 1 2176 2228 2230 XOR
2 1 2141 2230 2231 XOR
2 1 2229 2230 2232 AND
2 1 2228 2232 2233 XOR
2 1 2146 2233 2234 XOR
2 1 2177 2233 2235 XOR
2 1 2146 2235 2236 XOR
2 1 2234 2235 2237 AND
2 1 2233 2237 2238 XOR
2 1 2151 2238 2239 XOR
2 1 2178 2238 2240 XOR
2 1 2151 2240 2241 XOR
2 1 2239 2240 2242 AND
2 1 2238 2242 2243 XOR
2 1 2156 2243 2244 XOR
2 1 2179 2243 2245 XOR
2 1 2156 2245 2246 XOR
2 1 2244 2245 2247 AND
2 1 2243 2247 2248 XOR
2 1 2161 2248 2249 XOR
2 1 2180 2248 2250 XOR
2 1 2161 2250 2251 XOR
2 1 2249 2250 2252 AND
2 1 2248 2252 2253 XOR
2 1 2253 2181 2254 XOR
2 1 2254 2165 2255 XOR
2 1 0 49 2256 AND
2 1 1 49 2257 AND
2 1 2 49 2258 AND
2 1 3 49 2259 AND
2 1 4 49 2260 AND
2 1 5 49 2261 AND
2 1 6 49 2262 AND
2 1 7 49 2263 AND
2 1 8 49 2264 AND
2 1 9 49 2265 AND
2 1 10 49 2266 AND
2 1 11 49 2267 AND
2 1 12 49 2268 AND
2 1 13 49 2269 AND
2 1 14 49 2270 AND
2 1 2186 2256 2271 XOR
2 1 2186 2256 2272 AND
2 1 2191 2272 2273 XOR
2 1 2257 2272 2274 XOR
2 1 2191 2274 2275 XOR
2 1 2273 2274 2276 AND
2 1 2272 2276 2277 XOR
2 1 2196 2277 2278 XOR
2 1 2258 2277 2279 XOR
2 1 2196 2279 2280 XOR
2 1 2278 2279 2281 AND
2 1 2277 2281 2282 XOR
2 1 2201 2282 2283 XOR
2 1 2259 2282 2284 XOR
2 1 2201 2284 2285 XOR
2 1 2283 2284 2286 AND
2 1 2282 2286 2287 XOR
2 1 2206 2287 2288 XOR
2 1 2260 2287 2289 XOR
2 1 2206 2289 2290 XOR
2 1 2288 2289 2291 AND
2 1 2287 2291 2292 XOR
2 1 2211 2292 2293 XOR
2 1 2261 2292 2294 XOR
2 1 2211 2294 2295 XOR
2 1 2293 2294 2296 AND
2 1 2292 2296 2297 XOR
2 1 2216 2297 2298 XOR
2 1 2262 2297 2299 XOR
2 1 2216 2299 2300 XOR
2 1 2298 2299 2301 AND
2 1 2297 2301 2302 XOR
2 1 2221 2302 2303 XOR
2 1 2263 2302 2304 XOR
2 1 2221 2304 2305 XOR
2 1 2303 2304 2306 AND
2 1 2302 2306 2307 XOR
2 1 2226 2307 2308 XOR
2 1 2264 2307 2309 XOR
2 1 2226 2309 2310 XOR
2 1 2308 2309 2311 AND
2 1 2307 2311 2312 XOR
2 1 2231 2312 2313 XOR
2 1 2265 2312 2314 XOR
2 1 2231 2314 2315 XOR
2 1 2313 2314 2316 AND
2 1 2312 2316 2317 XOR
2 1 2236 2317 2318 XOR
2 1 2266 2317 2319 XOR
2 1 2236 2319 2320 XOR
2 1 2318 2319 2321 AND
2 1 2317 2321 2322 XOR
2 1 2241 2322 2323 XOR
2 1 2267 2322 2324 XOR
2 1 2241 2324 2325 XOR
2 1 2323 2324 2326 AND
2 1 2322 2326 2327 XOR
2 1 2246 2327 2328 XOR
2 1 2268 2327 2329 XOR
2 1 2246 2329 2330 XOR
2 1 2328 2329 2331 AND
2 1 2327 2331 2332 XOR
2 1 2251 2332 2333 XOR
2 1 2269 2332 2334 XOR
2 1 2251 2334 2335 XOR
2 1 2333 2334 2336 AND
2 1 2332 2336 2337 XOR
2 1 2337 2270 2338 XOR
2 1 2338 2255 2339 XOR
2 1 0 50 2340 AND
2 1 1 50 2341 AND
2 1 2 50 2342 AND
2 1 3 50 2343 AND
2 1 4 50 2344 AND
2 1 5 50 2345 AND
2 1 6 50 2346 AND
2 1 7 50 2347 AND
2 1 8 50 2348 AND
2 1 9 50 2349 AND
2 1 10 50 2350 AND
2 1 11 50 2351 AND
2 1 12 50 2352 AND
2 1 13 50 2353 AND
2 1 2275 2340 2354 XOR
2 1 2275 2340 2355 AND
2 1 2280 2355 2356 XOR
2 1 2341 2355 2357 XOR
2 1 2280 2357 2358 XOR
2 1 2356 2357 2359 AND
2 1 2355 2359 2360 XOR
2 1 2285 2360 2361 XOR
2 1 2342 2360 2362 XOR
2 1 2285 2362 2363 XOR
2 1 2361 2362 2364 AND
2 1 2360 2364 2365 XOR
2 1 2290 2365 2366 XOR
2 1 2343 2365 2367 XOR
2 1 2290 2367 2368 XOR
2 1 2366 2367 2369 AND
2 1 2365 2369 2370 XOR
2 1 2295 2370 2371 XOR
2 1 2344 2370 2372 XOR
2 1 2295 2372 2373 XOR
2 1 2371 2372 2374 AND
2 1 2370 2374 2375 XOR
2 1 2300 2375 2376 XOR
2 1 2345 2375 2377 XOR
2 1 2300 2377 2378 XOR
2 1 2376 2377 2379 AND
2 1 2375 2379 2380 XOR
2 1 2305 2380 2381 XOR
2 1 2346 2380 2382 XOR
2 1 2305 2382 2383 XOR
2 1 2381 2382 2384 AND
2 1 2380 2384 2385 XOR
2 1 2310 2385 2386 XOR
2 1 2347 2385 2387 XOR
2 1 2310 2387 2388 XOR
2 1 2386 2387 2389 AND
2 1 2385 2389 2390 XOR
2 1 2315 2390 2391 XOR
2 1 2348 2390 2392 XOR
2 1 2315 2392 2393 XOR
2 1 2391 2392 2394 AND
2 1 2390 2394 2395 XOR
2 1 2320 2395 2396 XOR
2 1 2349 2395 2397 XOR
2 1 2320 2397 2398 XOR
2 1 2396 2397 2399 AND
2 1 2395 2399 2400 XOR
2 1 2325 2400 2401 XOR
2 1 2350 2400 2402 XOR
2 1 2325 2402 2403 XOR
2 1 2401 2402 2404 AND
2 1 2400 2404 2405 XOR
2 1 2330 2405 2406 XOR
2 1 2351 2405 2407 XOR
2 1 2330 2407 2408 XOR
2 1 2406 2407 2409 AND
2 1 2405 2409 2410 XOR
2 1 2335 2410 2411 XOR
2 1 2352 2410 2412 XOR
2 1 2335 2412 2413 XOR
2 1 2411 2412 2414 AND
2 1 2410 2414 2415 XOR
2 1 2415 2353 2416 XOR
2 1 2416 2339 2417 XOR
2 1 0 51 2418 AND
2 1 1 51 2419 AND
2 1 2 51 2420 AND
2 1 3 51 2421 AND
2 1 4 51 2422 AND
2 1 5 51 2423 AND
2 1 6 51 2424 AND
2 1 7 51 2425 AND
2 1 8 51 2426 AND
2 1 9 51 2427 AND
2 1 10 51 2428 AND
2 1 11 51 2429 AND
2 1 12 51 2430 AND
2 1 2358 2418 2431 XOR
2 1 2358 2418 2432 AND
2 1 2363 2432 2433 XOR
2 1 2419 2432 2434 XOR
2 1 2363 2434 2435 XOR
2 1 2433 2434 2436 AND
2 1 2432 2436 2437 XOR
2 1 2368 2437 2438 XOR
2 1 2420 2437 2439 XOR
2 1 2368 2439 2440 XOR
2 1 2438 2439 2441 AND
2 1 2437 2441 2442 XOR
2 1 2373 2442 2443 XOR
2 1 2421 2442 2444 XOR
2 1 2373 2444 2445 XOR
2 1 2443 2444 2446 AND
2 1 2442 2446 2447 XOR
2 1 2378 2447 2448 XOR
2 1 2422 2447 2449 XOR
2 1 2378 2449 2450 XOR
2 1 2448 2449 2451 AND
2 1 2447 2451 2452 XOR
2 1 2383 2452 2453 XOR
2 1 2423 2452 2454 XOR
2 1 2383 2454 2455 XOR
2 1 2453 2454 2456 AND
2 1 2452 2456 2457 XOR
2 1 2388 2457 2458 XOR
2 1 2424 2457 2459 XOR
2 1 2388 2459 2460 XOR
2 1 2458 2459 2461 AND
2 1 2457 2461 2462 XOR
2 1 2393 2462 2463 XOR
2 1 2425 2462 2464 XOR
2 1 2393 2464 2465 XOR
2 1 2463 2464 2466 AND
2 1 2462 2466 2467 XOR
2 1 2398 2467 2468 XOR
2 1 2426 2467 2469 XOR
2 1 2398 2469 2470 XOR
2 1 2468 2469 2471 AND
2 1 2467 2471 2472 XOR
2 1 2403 2472 2473 XOR
2 1 2427 2472 2474 XOR
2 1 2403 2474 2475 XOR
2 1 2473 2474 2476 AND
2 1 2472 2476 2477 XOR
2 1 2408 2477 2478 XOR
2 1 2428 2477 2479 XOR
2 1 2408 2479 2480 XOR
2 1 2478 2479 2481 AND
2 1 2477 2481 2482 XOR
2 1 2413 2482 2483 XOR
2 1 2429 2482 2484 XOR
2 1 2413 2484 2485 XOR
2 1 2483 2484 2486 AND
2 1 2482 2486 2487 XOR
2 1 2487 2430 2488 XOR
2 1 2488 2417 2489 XOR
2 1 0 52 2490 AND
2 1 1 52 2491 AND
2 1 2 52 2492 AND
2 1 3 52 2493 AND
2 1 4 52 2494 AND
2 1 5 52 2495 AND
2 1 6 52 2496 AND
2 1 7 52 2497 AND
2 1 8 52 2498 AND
2 1 9 52 2499 AND
2 1 10 52 2500 AND
2 1 11 52 2501 AND
2 1 2435 2490 2502 XOR
2 1 2435 2490 2503 AND
2 1 2440 2503 2504 XOR
2 1 2491 2503 2505 XOR
2 1 2440 2505 2506 XOR
2 1 2504 2505 2507 AND
2 1 2503 2507 2508 XOR
2 1 2445 2508 2509 XOR
2 1 2492 2508 2510 XOR
2 1 2445 2510 2511 XOR
2 1 2509 2510 2512 AND
2 1 2508 2512 2513 XOR
2 1 2450 2513 2514 XOR
2 1 2493 2513 2515 XOR
2 1 2450 2515 2516 XOR
2 1 2514 2515 2517 AND
2 1 2513 2517 2518 XOR
2 1 2455 2518 2519 XOR
2 1 2494 2518 2520 XOR
2 1 2455 2520 2521 XOR
2 1 2519 2520 2522 AND
2 1 2518 2522 2523 XOR
2 1 2460 2523 2524 XOR
2 1 2495 2523 2525 XOR
2 1 2460 2525 2526 XOR
2 1 2524 2525 2527 AND
2 1 2523 2527 2528 XOR
2 1 2465 2528 2529 XOR
2 1 2496 2528 2530 XOR
2 1 2465 2530 2531 XOR
2 1 2529 2530 2532 AND
2 1 2528 2532 2533 XOR
2 1 2470 2533 2534 XOR
2 1 2497 2533 2535 XOR
2 1 2470 2535 2536 XOR
2 1 2534 2535 2537 AND
2 1 2533 2537 2538 XOR
2 1 2475 2538 2539 XOR
2 1 2498 2538 2540 XOR
2 1 2475 2540 2541 XOR
2 1 2539 2540 2542 AND
2 1 2538 2542 2543 XOR
2 1 2480 2543 2544 XOR
2 1 2499 2543 2545 XOR
2 1 2480 2545 2546 XOR
2 1 2544 2545 2547 AND
2 1 2543 2547 2548 XOR
2 1 2485 2548 2549 XOR
2 1 2500 2548 2550 XOR
2 1 2485 2550 2551 XOR
2 1 2549 2550 2552 AND
2 1 2548 2552 2553 XOR
2 1 2553 2501 2554 XOR
2 1 2554 2489 2555 XOR
2 1 0 53 2556 AND
2 1 1 53 2557 AND
2 1 2 53 2558 AND
2 1 3 53 2559 AND
2 1 4 53 2560 AND
2 1 5 53 2561 AND
2 1 6 53 2562 AND
2 1 7 53 2563 AND
2 1 8 53 2564 AND
2 1 9 53 2565 AND
2 1 10 53 2566 AND
2 1 2506 2556 2567 XOR
2 1 2506 2556 2568 AND
2 1 2511 2568 2569 XOR
2 1 2557 2568 2570 XOR
2 1 2511 2570 2571 XOR
2 1 2569 2570 2572 AND
2 1 2568 2572 2573 XOR
2 1 2516 2573 2574 XOR
2 1 2558 2573 2575 XOR
2 1 2516 2575 2576 XOR
2 1 2574 2575 2577 AND
2 1 2573 2577 2578 XOR
2 1 2521 2578 2579 XOR
2 1 2559 2578 2580 XOR
2 1 2521 2580 2581 XOR
2 1 2579 2580 2582 AND
2 1 2578 2582 2583 XOR
2 1 2526 2583 2584 XOR
2 1 2560 2583 2585 XOR
2 1 2526 2585 2586 XOR
2 1 2584 2585 2587 AND
2 1 2583 2587 2588 XOR
2 1 2531 2588 2589 XOR
2 1 2561 2588 2590 XOR
2 1 2531 2590 2591 XOR
2 1 2589 2590 2592 AND
2 1 2588 2592 2593 XOR
2 1 2536 2593 2594 XOR
2 1 2562 2593 2595 XOR
2 1 2536 2595 2596 XOR
2 1 2594 2595 2597 AND
2 1 2593 2597 2598 XOR
2 1 2541 2598 2599 XOR
2 1 2563 2598 2600 XOR
2 1 2541 2600 2601 XOR
2 1 2599 2600 2602 AND
2 1 2598 2602 2603 XOR
2 1 2546 2603 2604 XOR
2 1 2564 2603 2605 XOR
2 1 2546 2605 2606 XOR
2 1 2604 2605 2607 AND
2 1 2603 2607 2608 XOR
2 1 2551 2608 2609 XOR
2 1 2565 2608 2610 XOR
2 1 2551 2610 2611 XOR
2 1 2609 2610 2612 AND
2 1 2608 2612 2613 XOR
2 1 2613 2566 2614 XOR
2 1 2614 2555 2615 XOR
2 1 0 54 2616 AND
2 1 1 54 2617 AND
2 1 2 54 2618 AND
2 1 3 54 2619 AND
2 1 4 54 2620 AND
2 1 5 54 2621 AND
2 1 6 54 2622 AND
2 1 7 54 2623 AND
2 1 8 54 2624 AND
2 1 9 54 2625 AND
2 1 2571 2616 2626 XOR
2 1 2571 2616 2627 AND
2 1 2576 2627 2628 XOR
2 1 2617 2627 2629 XOR
2 1 2576 2629 2630 XOR
2 1 2628 2629 2631 AND
2 1 2627 2631 2632 XOR
2 1 2581 2632 2633 XOR
2 1 2618 2632 2634 XOR
2 1 2581 2634 2635 XOR
2 1 2633 2634 2636 AND
2 1 2632 2636 2637 XOR
2 1 2586 2637 2638 XOR
2 1 2619 2637 2639 XOR
2 1 2586 2639 2640 XOR
2 1 2638 2639 2641 AND
2 1 2637 2641 2642 XOR
2 1 2591 2642 2643 XOR
2 1 2620 2642 2644 XOR
2 1 2591 2644 2645 XOR
2 1 2643 2644 2646 AND
2 1 2642 2646 2647 XOR
2 1 2596 2647 2648 XOR
2 1 2621 2647 2649 XOR
2 1 2596 2649 2650 XOR
2 1 2648 2649 2651 AND
2 1 2647 2651 2652 XOR
2 1 2601 2652 2653 XOR
2 1 2622 2652 2654 XOR
2 1 2601 2654 2655 XOR
2 1 2653 2654 2656 AND
2 1 2652 2656 2657 XOR
2 1 2606 2657 2658 XOR
2 1 2623 2657 2659 XOR
2 1 2606 2659 2660 XOR
2 1 2658 2659 2661 AND
2 1 2657 2661 2662 XOR
2 1 2611 2662 2663 XOR
2 1 2624 2662 2664 XOR
2 1 2611 2664 2665 XOR
2 1 2663 2664 2666 AND
2 1 2662 2666 2667 XOR
2 1 2667 2625 2668 XOR
2 1 2668 2615 2669 XOR
2 1 0 55 2670 AND
2 1 1 55 2671 AND
2 1 2 55 2672 AND
2 1 3 55 2673 AND
2 1 4 55 2674 AND
2 1 5 55 2675 AND
2 1 6 55 2676 AND
2 1 7 55 2677 AND
2 1 8 55 2678 AND
2 1 2630 2670 2679 XOR
2 1 2630 2670 2680 AND
2 1 2635 2680 2681 XOR
2 1 2671 2680 2682 XOR
2 1 2635 2682 2683 XOR
2 1 2681 2682 2684 AND
2 1 2680 2684 2685 XOR
2 1 2640 2685 2686 XOR
2 1 2672 2685 2687 XOR
2 1 2640 2687 2688 XOR
2 1 2686 2687 2689 AND
2 1 2685 2689 2690 XOR
2 1 2645 2690 2691 XOR
2 1 2673 2690 2692 XOR
2 1 2645 2692 2693 XOR
2 1 2691 2692 2694 AND
2 1 2690 2694 2695 XOR
2 1 2650 2695 2696 XOR
2 1 2674 2695 2697 XOR
2 1 2650 2697 2698 XOR
2 1 2696 2697 2699 AND
2 1 2695 2699 2700 XOR
2 1 2655 2700 2701 XOR
2 1 2675 2700 2702 XOR
2 1 2655 2702 2703 XOR
2 1 2701 2702 2704 AND
2 1 2700 2704 2705 XOR
2 1 2660 2705 2706 XOR
2 1 2676 2705 2707 XOR
2 1 2660 2707 2708 XOR
2 1 2706 2707 2709 AND
2 1 2705 2709 2710 XOR
2 1 2665 2710 2711 XOR
2 1 2677 2710 2712 XOR
2 1 2665 2712 2713 XOR
2 1 2711 2712 2714 AND
2 1 2710 2714 2715 XOR
2 1 2715 2678 2716 XOR
2 1 2716 2669 2717 XOR
2 1 0 56 2718 AND
2 1 1 56 2719 AND
2 1 2 56 2720 AND
2 1 3 56 2721 AND
2 1 4 56 2722 AND
2 1 5 56 2723 AND
2 1 6 56 2724 AND
2 1 7 56 2725 AND
2 1 2683 2718 2726 XOR
2 1 2683 2718 2727 AND
2 1 2688 2727 2728 XOR
2 1 2719 2727 2729 XOR
2 1 2688 2729 2730 XOR
2 1 2728 2729 2731 AND
2 1 2727 2731 2732 XOR
2 1 2693 2732 2733 XOR
2 1 2720 2732 2734 XOR
2 1 2693 2734 2735 XOR
2 1 2733 2734 2736 AND
2 1 2732 2736 2737 XOR
2 1 2698 2737 2738 XOR
2 1 2721 2737 2739 XOR
2 1 2698 2739 2740 XOR
2 1 2738 2739 2741 AND
2 1 2737 2741 2742 XOR
2 1 2703 2742 2743 XOR
2 1 2722 2742 2744 XOR
2 1 2703 2744 2745 XOR
2 1 2743 2744 2746 AND
2 1 2742 2746 2747 XOR
2 1 2708 2747 2748 XOR
2 1 2723 2747 2749 XOR
2 1 2708 2749 2750 XOR
2 1 2748 2749 2751 AND
2 1 2747 2751 2752 XOR
2 1 2713 2752 2753 XOR
2 1 2724 2752 2754 XOR
2 1 2713 2754 2755 XOR
2 1 2753 2754 2756 AND
2 1 2752 2756 2757 XOR
2 1 2757 2725 2758 XOR
2 1 2758 2717 2759 XOR
2 1 0 57 2760 AND
2 1 1 57 2761 AND
2 1 2 57 2762 AND
2 1 3 57 2763 AND
2 1 4 57 2764 AND
2 1 5 57 2765 AND
2 1 6 57 2766 AND
2 1 2730 2760 2767 XOR
2 1 2730 2760 2768 AND
2 1 2735 2768 2769 XOR
2 1 2761 2768 2770 XOR
2 1 2735 2770 2771 XOR
2 1 2769 2770 2772 AND
2 1 2768 2772 2773 XOR
2 1 2740 2773 2774 XOR
2 1 2762 2773 2775 XOR
2 1 2740 2775 2776 XOR
2 1 2774 2775 2777 AND
2 1 2773 2777 2778 XOR
2 1 2745 2778 2779 XOR
2 1 2763 2778 2780 XOR
2 1 2745 2780 2781 XOR
2 1 2779 2780 2782 AND
2 1 2778 2782 2783 XOR
2 1 2750 2783 2784 XOR
2 1 2764 2783 2785 XOR
2 1 2750 2785 2786 XOR
2 1 2784 2785 2787 AND
2 1 2783 2787 2788 XOR
2 1 2755 2788 2789 XOR
2 1 2765 2788 2790 XOR
2 1 2755 2790 2791 XOR
2 1 2789 2790 2792 AND
2 1 2788 2792 2793 XOR
2 1 2793 2766 2794 XOR
2 1 2794 2759 2795 XOR
2 1 0 58 2796 AND
2 1 1 58 2797 AND
2 1 2 58 2798 AND
2 1 3 58 2799 AND
2 1 4 58 2800 AND
2 1 5 58 2801 AND
2 1 2771 2796 2802 XOR
2 1 2771 2796 2803 AND
2 1 2776 2803 2804 XOR
2 1 2797 2803 2805 XOR
2 1 2776 2805 2806 XOR
2 1 2804 2805 2807 AND
2 1 2803 2807 2808 XOR
2 1 2781 2808 2809 XOR
2 1 2798 2808 2810 XOR
2 1 2781 2810 2811 XOR
2 1 2809 2810 2812 AND
2 1 2808 2812 2813 XOR
2 1 2786 2813 2814 XOR
2 1 2799 2813 2815 XOR
2 1 2786 2815 2816 XOR
2 1 2814 2815 2817 AND
2 1 2813 2817 2818 XOR
2 1 2791 2818 2819 XOR
2 1 2800 2818 2820 XOR
2 1 2791 2820 2821 XOR
2 1 2819 2820 2822 AND
2 1 2818 2822 2823 XOR
2 1 2823 2801 2824 XOR
2 1 2824 2795 2825 XOR
2 1 0 59 2826 AND
2 1 1 59 2827 AND
2 1 2 59 2828 AND
2 1 3 59 2829 AND
2 1 4 59 2830 AND
2 1 2806 2826 2831 XOR
2 1 2806 2826 2832 AND
2 1 2811 2832 2833 XOR
2 1 2827 2832 2834 XOR
2 1 2811 2834 2835 XOR
2 1 2833 2834 2836 AND
2 1 2832 2836 2837 XOR
2 1 2816 2837 2838 XOR
2 1 2828 2837 2839 XOR
2 1 2816 2839 2840 XOR
2 1 2838 2839 2841 AND
2 1 2837 2841 2842 XOR
2 1 2821 2842 2843 XOR
2 1 2829 2842 2844 XOR
2 1 2821 2844 2845 XOR
2 1 2843 2844 2846 AND
2 1 2842 2846 2847 XOR
2 1 2847 2830 2848 XOR
2 1 2848 2825 2849 XOR
2 1 0 60 2850 AND
2 1 1 60 2851 AND
2 1 2 60 2852 AND
2 1 3 60 2853 AND
2 1 2835 2850 2854 XOR
2 1 2835 2850 2855 AND
2 1 2840 2855 2856 XOR
2 1 2851 2855 2857 XOR
2 1 2840 2857 2858 XOR
2 1 2856 2857 2859 AND
2 1 2855 2859 2860 XOR
2 1 2845 2860 2861 XOR
2 1 2852 2860 2862 XOR
2 1 2845 2862 2863 XOR
2 1 2861 2862 2864 AND
2 1 2860 2864 2865 XOR
2 1 2865 2853 2866 XOR
2 1 2866 2849 2867 XOR
2 1 0 61 2868 AND
2 1 1 61 2869 AND
2 1 2 61 2870 AND
2 1 2858 2868 2871 XOR
2 1 2858 2868 2872 AND
2 1 2863 2872 2873 XOR
2 1 2869 2872 2874 XOR
2 1 2863 2874 2875 XOR
2 1 2873 2874 2876 AND
2 1 2872 2876 2877 XOR
2 1 2877 2870 2878 XOR
2 1 2878 2867 2879 XOR
2 1 0 62 2880 AND
2 1 1 62 2881 AND
2 1 2875 2880 2882 XOR
2 1 2875 2880 2883 AND
2 1 2883 2881 2884 XOR
2 1 2884 2879 2885 XOR
2 1 0 63 2886 AND
2 1 2886 2885 2887 XOR
2 1 0 0 2888 XOR
2 1 2888 64 2889 XOR
2 1 2888 127 2890 XOR
2 1 2888 306 2891 XOR
2 1 2888 479 2892 XOR
2 1 2888 646 2893 XOR
2 1 2888 807 2894 XOR
2 1 2888 962 2895 XOR
2 1 2888 1111 2896 XOR
2 1 2888 1254 2897 XOR
2 1 2888 1391 2898 XOR
2 1 2888 1522 2899 XOR
2 1 2888 1647 2900 XOR
2 1 2888 1766 2901 XOR
2 1 2888 1879 2902 XOR
2 1 2888 1986 2903 XOR
2 1 2888 2087 2904 XOR
2 1 2888 2182 2905 XOR
2 1 2888 2271 2906 XOR
2 1 2888 2354 2907 XOR
2 1 2888 2431 2908 XOR
2 1 2888 2502 2909 XOR
2 1 2888 2567 2910 XOR
2 1 2888 2626 2911 XOR
2 1 2888 2679 2912 XOR
2 1 2888 2726 2913 XOR
2 1 2888 2767 2914 XOR
2 1 2888 2802 2915 XOR
2 1 2888 2831 2916 XOR
2 1 2888 2854 2917 XOR
2 1 2888 2871 2918 XOR
2 1 2888 2882 2919 XOR
2 1 2888 2887 2920 XOR
