427 443
8 8 8
                                                                                                                                                                                          
2 1 0 7 16 XOR
2 1 0 7 17 AND
2 1 1 17 18 XOR
2 1 7 17 19 XOR
2 1 1 19 20 XOR
2 1 18 19 21 AND
2 1 17 21 22 XOR
2 1 2 22 23 XOR
2 1 7 22 24 XOR
2 1 2 24 25 XOR
2 1 23 24 26 AND
2 1 22 26 27 XOR
2 1 3 27 28 XOR
2 1 7 27 29 XOR
2 1 3 29 30 XOR
2 1 28 29 31 AND
2 1 27 31 32 XOR
2 1 4 32 33 XOR
2 1 7 32 34 XOR
2 1 4 34 35 XOR
2 1 33 34 36 AND
2 1 32 36 37 XOR
2 1 5 37 38 XOR
2 1 7 37 39 XOR
2 1 5 39 40 XOR
2 1 38 39 41 AND
2 1 37 41 42 XOR
2 1 6 42 43 XOR
2 1 7 42 44 XOR
2 1 6 44 45 XOR
2 1 43 44 46 AND
2 1 42 46 47 XOR
2 1 47 7 48 XOR
2 1 48 7 49 XOR
2 1 16 7 50 XOR
2 1 20 7 51 XOR
2 1 25 7 52 XOR
2 1 30 7 53 XOR
2 1 35 7 54 XOR
2 1 40 7 55 XOR
2 1 45 7 56 XOR
2 1 49 7 57 XOR
2 1 8 15 58 XOR
2 1 8 15 59 AND
2 1 9 59 60 XOR
2 1 15 59 61 XOR
2 1 9 61 62 XOR
2 1 60 61 63 AND
2 1 59 63 64 XOR
2 1 10 64 65 XOR
2 1 15 64 66 XOR
2 1 10 66 67 XOR
2 1 65 66 68 AND
2 1 64 68 69 XOR
2 1 11 69 70 XOR
2 1 15 69 71 XOR
2 1 11 71 72 XOR
2 1 70 71 73 AND
2 1 69 73 74 XOR
2 1 12 74 75 XOR
2 1 15 74 76 XOR
2 1 12 76 77 XOR
2 1 75 76 78 AND
2 1 74 78 79 XOR
2 1 13 79 80 XOR
2 1 15 79 81 XOR
2 1 13 81 82 XOR
2 1 80 81 83 AND
2 1 79 83 84 XOR
2 1 14 84 85 XOR
2 1 15 84 86 XOR
2 1 14 86 87 XOR
2 1 85 86 88 AND
2 1 84 88 89 XOR
2 1 89 15 90 XOR
2 1 90 15 91 XOR
2 1 58 15 92 XOR
2 1 62 15 93 XOR
2 1 67 15 94 XOR
2 1 72 15 95 XOR
2 1 77 15 96 XOR
2 1 82 15 97 XOR
2 1 87 15 98 XOR
2 1 91 15 99 XOR
2 1 99 98 100 XOR
2 1 99 98 101 AND
2 1 100 101 102 XOR
2 1 102 97 103 XOR
2 1 102 97 104 AND
2 1 103 104 105 XOR
2 1 105 96 106 XOR
2 1 105 96 107 AND
2 1 106 107 108 XOR
2 1 108 95 109 XOR
2 1 108 95 110 AND
2 1 109 110 111 XOR
2 1 111 94 112 XOR
2 1 111 94 113 AND
2 1 112 113 114 XOR
2 1 114 93 115 XOR
2 1 114 93 116 AND
2 1 115 116 117 XOR
2 1 57 92 118 XOR
2 1 118 92 119 AND
2 1 119 117 120 XOR
2 1 119 117 121 AND
2 1 120 121 122 XOR
2 1 57 118 123 XOR
2 1 122 123 124 AND
2 1 124 118 125 XOR
1 1 122 126 INV
2 1 56 92 127 XOR
2 1 127 92 128 AND
2 1 125 93 129 XOR
2 1 128 93 130 XOR
2 1 129 128 131 XOR
2 1 129 130 132 AND
2 1 128 132 133 XOR
2 1 133 114 134 XOR
2 1 133 114 135 AND
2 1 134 135 136 XOR
2 1 56 127 137 XOR
2 1 136 137 138 AND
2 1 138 127 139 XOR
2 1 125 131 140 XOR
2 1 136 140 141 AND
2 1 141 131 142 XOR
1 1 136 143 INV
2 1 55 92 144 XOR
2 1 144 92 145 AND
2 1 139 93 146 XOR
2 1 145 93 147 XOR
2 1 146 145 148 XOR
2 1 146 147 149 AND
2 1 145 149 150 XOR
2 1 142 94 151 XOR
2 1 150 94 152 XOR
2 1 151 150 153 XOR
2 1 151 152 154 AND
2 1 150 154 155 XOR
2 1 155 111 156 XOR
2 1 155 111 157 AND
2 1 156 157 158 XOR
2 1 55 144 159 XOR
2 1 158 159 160 AND
2 1 160 144 161 XOR
2 1 139 148 162 XOR
2 1 158 162 163 AND
2 1 163 148 164 XOR
2 1 142 153 165 XOR
2 1 158 165 166 AND
2 1 166 153 167 XOR
1 1 158 168 INV
2 1 54 92 169 XOR
2 1 169 92 170 AND
2 1 161 93 171 XOR
2 1 170 93 172 XOR
2 1 171 170 173 XOR
2 1 171 172 174 AND
2 1 170 174 175 XOR
2 1 164 94 176 XOR
2 1 175 94 177 XOR
2 1 176 175 178 XOR
2 1 176 177 179 AND
2 1 175 179 180 XOR
2 1 167 95 181 XOR
2 1 180 95 182 XOR
2 1 181 180 183 XOR
2 1 181 182 184 AND
2 1 180 184 185 XOR
2 1 185 108 186 XOR
2 1 185 108 187 AND
2 1 186 187 188 XOR
2 1 54 169 189 XOR
2 1 188 189 190 AND
2 1 190 169 191 XOR
2 1 161 173 192 XOR
2 1 188 192 193 AND
2 1 193 173 194 XOR
2 1 164 178 195 XOR
2 1 188 195 196 AND
2 1 196 178 197 XOR
2 1 167 183 198 XOR
2 1 188 198 199 AND
2 1 199 183 200 XOR
1 1 188 201 INV
2 1 53 92 202 XOR
2 1 202 92 203 AND
2 1 191 93 204 XOR
2 1 203 93 205 XOR
2 1 204 203 206 XOR
2 1 204 205 207 AND
2 1 203 207 208 XOR
2 1 194 94 209 XOR
2 1 208 94 210 XOR
2 1 209 208 211 XOR
2 1 209 210 212 AND
2 1 208 212 213 XOR
2 1 197 95 214 XOR
2 1 213 95 215 XOR
2 1 214 213 216 XOR
2 1 214 215 217 AND
2 1 213 217 218 XOR
2 1 200 96 219 XOR
2 1 218 96 220 XOR
2 1 219 218 221 XOR
2 1 219 220 222 AND
2 1 218 222 223 XOR
2 1 223 105 224 XOR
2 1 223 105 225 AND
2 1 224 225 226 XOR
2 1 53 202 227 XOR
2 1 226 227 228 AND
2 1 228 202 229 XOR
2 1 191 206 230 XOR
2 1 226 230 231 AND
2 1 231 206 232 XOR
2 1 194 211 233 XOR
2 1 226 233 234 AND
2 1 234 211 235 XOR
2 1 197 216 236 XOR
2 1 226 236 237 AND
2 1 237 216 238 XOR
2 1 200 221 239 XOR
2 1 226 239 240 AND
2 1 240 221 241 XOR
1 1 226 242 INV
2 1 52 92 243 XOR
2 1 243 92 244 AND
2 1 229 93 245 XOR
2 1 244 93 246 XOR
2 1 245 244 247 XOR
2 1 245 246 248 AND
2 1 244 248 249 XOR
2 1 232 94 250 XOR
2 1 249 94 251 XOR
2 1 250 249 252 XOR
2 1 250 251 253 AND
2 1 249 253 254 XOR
2 1 235 95 255 XOR
2 1 254 95 256 XOR
2 1 255 254 257 XOR
2 1 255 256 258 AND
2 1 254 258 259 XOR
2 1 238 96 260 XOR
2 1 259 96 261 XOR
2 1 260 259 262 XOR
2 1 260 261 263 AND
2 1 259 263 264 XOR
2 1 241 97 265 XOR
2 1 264 97 266 XOR
2 1 265 264 267 XOR
2 1 265 266 268 AND
2 1 264 268 269 XOR
2 1 269 102 270 XOR
2 1 269 102 271 AND
2 1 270 271 272 XOR
2 1 52 243 273 XOR
2 1 272 273 274 AND
2 1 274 243 275 XOR
2 1 229 247 276 XOR
2 1 272 276 277 AND
2 1 277 247 278 XOR
2 1 232 252 279 XOR
2 1 272 279 280 AND
2 1 280 252 281 XOR
2 1 235 257 282 XOR
2 1 272 282 283 AND
2 1 283 257 284 XOR
2 1 238 262 285 XOR
2 1 272 285 286 AND
2 1 286 262 287 XOR
2 1 241 267 288 XOR
2 1 272 288 289 AND
2 1 289 267 290 XOR
1 1 272 291 INV
2 1 51 92 292 XOR
2 1 292 92 293 AND
2 1 275 93 294 XOR
2 1 293 93 295 XOR
2 1 294 293 296 XOR
2 1 294 295 297 AND
2 1 293 297 298 XOR
2 1 278 94 299 XOR
2 1 298 94 300 XOR
2 1 299 298 301 XOR
2 1 299 300 302 AND
2 1 298 302 303 XOR
2 1 281 95 304 XOR
2 1 303 95 305 XOR
2 1 304 303 306 XOR
2 1 304 305 307 AND
2 1 303 307 308 XOR
2 1 284 96 309 XOR
2 1 308 96 310 XOR
2 1 309 308 311 XOR
2 1 309 310 312 AND
2 1 308 312 313 XOR
2 1 287 97 314 XOR
2 1 313 97 315 XOR
2 1 314 313 316 XOR
2 1 314 315 317 AND
2 1 313 317 318 XOR
2 1 290 98 319 XOR
2 1 318 98 320 XOR
2 1 319 318 321 XOR
2 1 319 320 322 AND
2 1 318 322 323 XOR
2 1 323 99 324 XOR
2 1 323 99 325 AND
2 1 324 325 326 XOR
2 1 51 292 327 XOR
2 1 326 327 328 AND
2 1 328 292 329 XOR
2 1 275 296 330 XOR
2 1 326 330 331 AND
2 1 331 296 332 XOR
2 1 278 301 333 XOR
2 1 326 333 334 AND
2 1 334 301 335 XOR
2 1 281 306 336 XOR
2 1 326 336 337 AND
2 1 337 306 338 XOR
2 1 284 311 339 XOR
2 1 326 339 340 AND
2 1 340 311 341 XOR
2 1 287 316 342 XOR
2 1 326 342 343 AND
2 1 343 316 344 XOR
2 1 290 321 345 XOR
2 1 326 345 346 AND
2 1 346 321 347 XOR
1 1 326 348 INV
2 1 50 92 349 XOR
2 1 349 92 350 AND
2 1 329 93 351 XOR
2 1 350 93 352 XOR
2 1 351 350 353 XOR
2 1 351 352 354 AND
2 1 350 354 355 XOR
2 1 332 94 356 XOR
2 1 355 94 357 XOR
2 1 356 355 358 XOR
2 1 356 357 359 AND
2 1 355 359 360 XOR
2 1 335 95 361 XOR
2 1 360 95 362 XOR
2 1 361 360 363 XOR
2 1 361 362 364 AND
2 1 360 364 365 XOR
2 1 338 96 366 XOR
2 1 365 96 367 XOR
2 1 366 365 368 XOR
2 1 366 367 369 AND
2 1 365 369 370 XOR
2 1 341 97 371 XOR
2 1 370 97 372 XOR
2 1 371 370 373 XOR
2 1 371 372 374 AND
2 1 370 374 375 XOR
2 1 344 98 376 XOR
2 1 375 98 377 XOR
2 1 376 375 378 XOR
2 1 376 377 379 AND
2 1 375 379 380 XOR
2 1 347 99 381 XOR
2 1 380 99 382 XOR
2 1 381 380 383 XOR
2 1 381 382 384 AND
2 1 380 384 385 XOR
2 1 50 349 386 XOR
2 1 385 386 387 AND
2 1 387 349 388 XOR
2 1 329 353 389 XOR
2 1 385 389 390 AND
2 1 390 353 391 XOR
2 1 332 358 392 XOR
2 1 385 392 393 AND
2 1 393 358 394 XOR
2 1 335 363 395 XOR
2 1 385 395 396 AND
2 1 396 363 397 XOR
2 1 338 368 398 XOR
2 1 385 398 399 AND
2 1 399 368 400 XOR
2 1 341 373 401 XOR
2 1 385 401 402 AND
2 1 402 373 403 XOR
2 1 344 378 404 XOR
2 1 385 404 405 AND
2 1 405 378 406 XOR
2 1 347 383 407 XOR
2 1 385 407 408 AND
2 1 408 383 409 XOR
1 1 385 410 INV
2 1 388 7 411 XOR
2 1 411 7 412 XOR
2 1 7 411 413 AND
2 1 391 7 414 XOR
2 1 414 413 415 XOR
2 1 413 414 416 AND
2 1 394 7 417 XOR
2 1 417 416 418 XOR
2 1 416 417 419 AND
2 1 397 7 420 XOR
2 1 420 419 421 XOR
2 1 419 420 422 AND
2 1 400 7 423 XOR
2 1 423 422 424 XOR
2 1 422 423 425 AND
2 1 403 7 426 XOR
2 1 426 425 427 XOR
2 1 425 426 428 AND
2 1 406 7 429 XOR
2 1 429 428 430 XOR
2 1 428 429 431 AND
2 1 7 431 432 XOR
2 1 432 409 433 XOR
2 1 0 0 434 XOR
2 1 434 412 435 XOR
2 1 434 415 436 XOR
2 1 434 418 437 XOR
2 1 434 421 438 XOR
2 1 434 424 439 XOR
2 1 434 427 440 XOR
2 1 434 430 441 XOR
2 1 434 433 442 XOR
