1387 1419
16 16 16
                                                                                                                                                                                     
2 1 0 15 32 XOR
2 1 0 15 33 AND
2 1 1 33 34 XOR
2 1 15 33 35 XOR
2 1 1 35 36 XOR
2 1 34 35 37 AND
2 1 33 37 38 XOR
2 1 2 38 39 XOR
2 1 15 38 40 XOR
2 1 2 40 41 XOR
2 1 39 40 42 AND
2 1 38 42 43 XOR
2 1 3 43 44 XOR
2 1 15 43 45 XOR
2 1 3 45 46 XOR
2 1 44 45 47 AND
2 1 43 47 48 XOR
2 1 4 48 49 XOR
2 1 15 48 50 XOR
2 1 4 50 51 XOR
2 1 49 50 52 AND
2 1 48 52 53 XOR
2 1 5 53 54 XOR
2 1 15 53 55 XOR
2 1 5 55 56 XOR
2 1 54 55 57 AND
2 1 53 57 58 XOR
2 1 6 58 59 XOR
2 1 15 58 60 XOR
2 1 6 60 61 XOR
2 1 59 60 62 AND
2 1 58 62 63 XOR
2 1 7 63 64 XOR
2 1 15 63 65 XOR
2 1 7 65 66 XOR
2 1 64 65 67 AND
2 1 63 67 68 XOR
2 1 8 68 69 XOR
2 1 15 68 70 XOR
2 1 8 70 71 XOR
2 1 69 70 72 AND
2 1 68 72 73 XOR
2 1 9 73 74 XOR
2 1 15 73 75 XOR
2 1 9 75 76 XOR
2 1 74 75 77 AND
2 1 73 77 78 XOR
2 1 10 78 79 XOR
2 1 15 78 80 XOR
2 1 10 80 81 XOR
2 1 79 80 82 AND
2 1 78 82 83 XOR
2 1 11 83 84 XOR
2 1 15 83 85 XOR
2 1 11 85 86 XOR
2 1 84 85 87 AND
2 1 83 87 88 XOR
2 1 12 88 89 XOR
2 1 15 88 90 XOR
2 1 12 90 91 XOR
2 1 89 90 92 AND
2 1 88 92 93 XOR
2 1 13 93 94 XOR
2 1 15 93 95 XOR
2 1 13 95 96 XOR
2 1 94 95 97 AND
2 1 93 97 98 XOR
2 1 14 98 99 XOR
2 1 15 98 100 XOR
2 1 14 100 101 XOR
2 1 99 100 102 AND
2 1 98 102 103 XOR
2 1 103 15 104 XOR
2 1 104 15 105 XOR
2 1 32 15 106 XOR
2 1 36 15 107 XOR
2 1 41 15 108 XOR
2 1 46 15 109 XOR
2 1 51 15 110 XOR
2 1 56 15 111 XOR
2 1 61 15 112 XOR
2 1 66 15 113 XOR
2 1 71 15 114 XOR
2 1 76 15 115 XOR
2 1 81 15 116 XOR
2 1 86 15 117 XOR
2 1 91 15 118 XOR
2 1 96 15 119 XOR
2 1 101 15 120 XOR
2 1 105 15 121 XOR
2 1 16 31 122 XOR
2 1 16 31 123 AND
2 1 17 123 124 XOR
2 1 31 123 125 XOR
2 1 17 125 126 XOR
2 1 124 125 127 AND
2 1 123 127 128 XOR
2 1 18 128 129 XOR
2 1 31 128 130 XOR
2 1 18 130 131 XOR
2 1 129 130 132 AND
2 1 128 132 133 XOR
2 1 19 133 134 XOR
2 1 31 133 135 XOR
2 1 19 135 136 XOR
2 1 134 135 137 AND
2 1 133 137 138 XOR
2 1 20 138 139 XOR
2 1 31 138 140 XOR
2 1 20 140 141 XOR
2 1 139 140 142 AND
2 1 138 142 143 XOR
2 1 21 143 144 XOR
2 1 31 143 145 XOR
2 1 21 145 146 XOR
2 1 144 145 147 AND
2 1 143 147 148 XOR
2 1 22 148 149 XOR
2 1 31 148 150 XOR
2 1 22 150 151 XOR
2 1 149 150 152 AND
2 1 148 152 153 XOR
2 1 23 153 154 XOR
2 1 31 153 155 XOR
2 1 23 155 156 XOR
2 1 154 155 157 AND
2 1 153 157 158 XOR
2 1 24 158 159 XOR
2 1 31 158 160 XOR
2 1 24 160 161 XOR
2 1 159 160 162 AND
2 1 158 162 163 XOR
2 1 25 163 164 XOR
2 1 31 163 165 XOR
2 1 25 165 166 XOR
2 1 164 165 167 AND
2 1 163 167 168 XOR
2 1 26 168 169 XOR
2 1 31 168 170 XOR
2 1 26 170 171 XOR
2 1 169 170 172 AND
2 1 168 172 173 XOR
2 1 27 173 174 XOR
2 1 31 173 175 XOR
2 1 27 175 176 XOR
2 1 174 175 177 AND
2 1 173 177 178 XOR
2 1 28 178 179 XOR
2 1 31 178 180 XOR
2 1 28 180 181 XOR
2 1 179 180 182 AND
2 1 178 182 183 XOR
2 1 29 183 184 XOR
2 1 31 183 185 XOR
2 1 29 185 186 XOR
2 1 184 185 187 AND
2 1 183 187 188 XOR
2 1 30 188 189 XOR
2 1 31 188 190 XOR
2 1 30 190 191 XOR
2 1 189 190 192 AND
2 1 188 192 193 XOR
2 1 193 31 194 XOR
2 1 194 31 195 XOR
2 1 122 31 196 XOR
2 1 126 31 197 XOR
2 1 131 31 198 XOR
2 1 136 31 199 XOR
2 1 141 31 200 XOR
2 1 146 31 201 XOR
2 1 151 31 202 XOR
2 1 156 31 203 XOR
2 1 161 31 204 XOR
2 1 166 31 205 XOR
2 1 171 31 206 XOR
2 1 176 31 207 XOR
2 1 181 31 208 XOR
2 1 186 31 209 XOR
2 1 191 31 210 XOR
2 1 195 31 211 XOR
2 1 211 210 212 XOR
2 1 211 210 213 AND
2 1 212 213 214 XOR
2 1 214 209 215 XOR
2 1 214 209 216 AND
2 1 215 216 217 XOR
2 1 217 208 218 XOR
2 1 217 208 219 AND
2 1 218 219 220 XOR
2 1 220 207 221 XOR
2 1 220 207 222 AND
2 1 221 222 223 XOR
2 1 223 206 224 XOR
2 1 223 206 225 AND
2 1 224 225 226 XOR
2 1 226 205 227 XOR
2 1 226 205 228 AND
2 1 227 228 229 XOR
2 1 229 204 230 XOR
2 1 229 204 231 AND
2 1 230 231 232 XOR
2 1 232 203 233 XOR
2 1 232 203 234 AND
2 1 233 234 235 XOR
2 1 235 202 236 XOR
2 1 235 202 237 AND
2 1 236 237 238 XOR
2 1 238 201 239 XOR
2 1 238 201 240 AND
2 1 239 240 241 XOR
2 1 241 200 242 XOR
2 1 241 200 243 AND
2 1 242 243 244 XOR
2 1 244 199 245 XOR
2 1 244 199 246 AND
2 1 245 246 247 XOR
2 1 247 198 248 XOR
2 1 247 198 249 AND
2 1 248 249 250 XOR
2 1 250 197 251 XOR
2 1 250 197 252 AND
2 1 251 252 253 XOR
2 1 121 196 254 XOR
2 1 254 196 255 AND
2 1 255 253 256 XOR
2 1 255 253 257 AND
2 1 256 257 258 XOR
2 1 121 254 259 XOR
2 1 258 259 260 AND
2 1 260 254 261 XOR
1 1 258 262 INV
2 1 120 196 263 XOR
2 1 263 196 264 AND
2 1 261 197 265 XOR
2 1 264 197 266 XOR
2 1 265 264 267 XOR
2 1 265 266 268 AND
2 1 264 268 269 XOR
2 1 269 250 270 XOR
2 1 269 250 271 AND
2 1 270 271 272 XOR
2 1 120 263 273 XOR
2 1 272 273 274 AND
2 1 274 263 275 XOR
2 1 261 267 276 XOR
2 1 272 276 277 AND
2 1 277 267 278 XOR
1 1 272 279 INV
2 1 119 196 280 XOR
2 1 280 196 281 AND
2 1 275 197 282 XOR
2 1 281 197 283 XOR
2 1 282 281 284 XOR
2 1 282 283 285 AND
2 1 281 285 286 XOR
2 1 278 198 287 XOR
2 1 286 198 288 XOR
2 1 287 286 289 XOR
2 1 287 288 290 AND
2 1 286 290 291 XOR
2 1 291 247 292 XOR
2 1 291 247 293 AND
2 1 292 293 294 XOR
2 1 119 280 295 XOR
2 1 294 295 296 AND
2 1 296 280 297 XOR
2 1 275 284 298 XOR
2 1 294 298 299 AND
2 1 299 284 300 XOR
2 1 278 289 301 XOR
2 1 294 301 302 AND
2 1 302 289 303 XOR
1 1 294 304 INV
2 1 118 196 305 XOR
2 1 305 196 306 AND
2 1 297 197 307 XOR
2 1 306 197 308 XOR
2 1 307 306 309 XOR
2 1 307 308 310 AND
2 1 306 310 311 XOR
2 1 300 198 312 XOR
2 1 311 198 313 XOR
2 1 312 311 314 XOR
2 1 312 313 315 AND
2 1 311 315 316 XOR
2 1 303 199 317 XOR
2 1 316 199 318 XOR
2 1 317 316 319 XOR
2 1 317 318 320 AND
2 1 316 320 321 XOR
2 1 321 244 322 XOR
2 1 321 244 323 AND
2 1 322 323 324 XOR
2 1 118 305 325 XOR
2 1 324 325 326 AND
2 1 326 305 327 XOR
2 1 297 309 328 XOR
2 1 324 328 329 AND
2 1 329 309 330 XOR
2 1 300 314 331 XOR
2 1 324 331 332 AND
2 1 332 314 333 XOR
2 1 303 319 334 XOR
2 1 324 334 335 AND
2 1 335 319 336 XOR
1 1 324 337 INV
2 1 117 196 338 XOR
2 1 338 196 339 AND
2 1 327 197 340 XOR
2 1 339 197 341 XOR
2 1 340 339 342 XOR
2 1 340 341 343 AND
2 1 339 343 344 XOR
2 1 330 198 345 XOR
2 1 344 198 346 XOR
2 1 345 344 347 XOR
2 1 345 346 348 AND
2 1 344 348 349 XOR
2 1 333 199 350 XOR
2 1 349 199 351 XOR
2 1 350 349 352 XOR
2 1 350 351 353 AND
2 1 349 353 354 XOR
2 1 336 200 355 XOR
2 1 354 200 356 XOR
2 1 355 354 357 XOR
2 1 355 356 358 AND
2 1 354 358 359 XOR
2 1 359 241 360 XOR
2 1 359 241 361 AND
2 1 360 361 362 XOR
2 1 117 338 363 XOR
2 1 362 363 364 AND
2 1 364 338 365 XOR
2 1 327 342 366 XOR
2 1 362 366 367 AND
2 1 367 342 368 XOR
2 1 330 347 369 XOR
2 1 362 369 370 AND
2 1 370 347 371 XOR
2 1 333 352 372 XOR
2 1 362 372 373 AND
2 1 373 352 374 XOR
2 1 336 357 375 XOR
2 1 362 375 376 AND
2 1 376 357 377 XOR
1 1 362 378 INV
2 1 116 196 379 XOR
2 1 379 196 380 AND
2 1 365 197 381 XOR
2 1 380 197 382 XOR
2 1 381 380 383 XOR
2 1 381 382 384 AND
2 1 380 384 385 XOR
2 1 368 198 386 XOR
2 1 385 198 387 XOR
2 1 386 385 388 XOR
2 1 386 387 389 AND
2 1 385 389 390 XOR
2 1 371 199 391 XOR
2 1 390 199 392 XOR
2 1 391 390 393 XOR
2 1 391 392 394 AND
2 1 390 394 395 XOR
2 1 374 200 396 XOR
2 1 395 200 397 XOR
2 1 396 395 398 XOR
2 1 396 397 399 AND
2 1 395 399 400 XOR
2 1 377 201 401 XOR
2 1 400 201 402 XOR
2 1 401 400 403 XOR
2 1 401 402 404 AND
2 1 400 404 405 XOR
2 1 405 238 406 XOR
2 1 405 238 407 AND
2 1 406 407 408 XOR
2 1 116 379 409 XOR
2 1 408 409 410 AND
2 1 410 379 411 XOR
2 1 365 383 412 XOR
2 1 408 412 413 AND
2 1 413 383 414 XOR
2 1 368 388 415 XOR
2 1 408 415 416 AND
2 1 416 388 417 XOR
2 1 371 393 418 XOR
2 1 408 418 419 AND
2 1 419 393 420 XOR
2 1 374 398 421 XOR
2 1 408 421 422 AND
2 1 422 398 423 XOR
2 1 377 403 424 XOR
2 1 408 424 425 AND
2 1 425 403 426 XOR
1 1 408 427 INV
2 1 115 196 428 XOR
2 1 428 196 429 AND
2 1 411 197 430 XOR
2 1 429 197 431 XOR
2 1 430 429 432 XOR
2 1 430 431 433 AND
2 1 429 433 434 XOR
2 1 414 198 435 XOR
2 1 434 198 436 XOR
2 1 435 434 437 XOR
2 1 435 436 438 AND
2 1 434 438 439 XOR
2 1 417 199 440 XOR
2 1 439 199 441 XOR
2 1 440 439 442 XOR
2 1 440 441 443 AND
2 1 439 443 444 XOR
2 1 420 200 445 XOR
2 1 444 200 446 XOR
2 1 445 444 447 XOR
2 1 445 446 448 AND
2 1 444 448 449 XOR
2 1 423 201 450 XOR
2 1 449 201 451 XOR
2 1 450 449 452 XOR
2 1 450 451 453 AND
2 1 449 453 454 XOR
2 1 426 202 455 XOR
2 1 454 202 456 XOR
2 1 455 454 457 XOR
2 1 455 456 458 AND
2 1 454 458 459 XOR
2 1 459 235 460 XOR
2 1 459 235 461 AND
2 1 460 461 462 XOR
2 1 115 428 463 XOR
2 1 462 463 464 AND
2 1 464 428 465 XOR
2 1 411 432 466 XOR
2 1 462 466 467 AND
2 1 467 432 468 XOR
2 1 414 437 469 XOR
2 1 462 469 470 AND
2 1 470 437 471 XOR
2 1 417 442 472 XOR
2 1 462 472 473 AND
2 1 473 442 474 XOR
2 1 420 447 475 XOR
2 1 462 475 476 AND
2 1 476 447 477 XOR
2 1 423 452 478 XOR
2 1 462 478 479 AND
2 1 479 452 480 XOR
2 1 426 457 481 XOR
2 1 462 481 482 AND
2 1 482 457 483 XOR
1 1 462 484 INV
2 1 114 196 485 XOR
2 1 485 196 486 AND
2 1 465 197 487 XOR
2 1 486 197 488 XOR
2 1 487 486 489 XOR
2 1 487 488 490 AND
2 1 486 490 491 XOR
2 1 468 198 492 XOR
2 1 491 198 493 XOR
2 1 492 491 494 XOR
2 1 492 493 495 AND
2 1 491 495 496 XOR
2 1 471 199 497 XOR
2 1 496 199 498 XOR
2 1 497 496 499 XOR
2 1 497 498 500 AND
2 1 496 500 501 XOR
2 1 474 200 502 XOR
2 1 501 200 503 XOR
2 1 502 501 504 XOR
2 1 502 503 505 AND
2 1 501 505 506 XOR
2 1 477 201 507 XOR
2 1 506 201 508 XOR
2 1 507 506 509 XOR
2 1 507 508 510 AND
2 1 506 510 511 XOR
2 1 480 202 512 XOR
2 1 511 202 513 XOR
2 1 512 511 514 XOR
2 1 512 513 515 AND
2 1 511 515 516 XOR
2 1 483 203 517 XOR
2 1 516 203 518 XOR
2 1 517 516 519 XOR
2 1 517 518 520 AND
2 1 516 520 521 XOR
2 1 521 232 522 XOR
2 1 521 232 523 AND
2 1 522 523 524 XOR
2 1 114 485 525 XOR
2 1 524 525 526 AND
2 1 526 485 527 XOR
2 1 465 489 528 XOR
2 1 524 528 529 AND
2 1 529 489 530 XOR
2 1 468 494 531 XOR
2 1 524 531 532 AND
2 1 532 494 533 XOR
2 1 471 499 534 XOR
2 1 524 534 535 AND
2 1 535 499 536 XOR
2 1 474 504 537 XOR
2 1 524 537 538 AND
2 1 538 504 539 XOR
2 1 477 509 540 XOR
2 1 524 540 541 AND
2 1 541 509 542 XOR
2 1 480 514 543 XOR
2 1 524 543 544 AND
2 1 544 514 545 XOR
2 1 483 519 546 XOR
2 1 524 546 547 AND
2 1 547 519 548 XOR
1 1 524 549 INV
2 1 113 196 550 XOR
2 1 550 196 551 AND
2 1 527 197 552 XOR
2 1 551 197 553 XOR
2 1 552 551 554 XOR
2 1 552 553 555 AND
2 1 551 555 556 XOR
2 1 530 198 557 XOR
2 1 556 198 558 XOR
2 1 557 556 559 XOR
2 1 557 558 560 AND
2 1 556 560 561 XOR
2 1 533 199 562 XOR
2 1 561 199 563 XOR
2 1 562 561 564 XOR
2 1 562 563 565 AND
2 1 561 565 566 XOR
2 1 536 200 567 XOR
2 1 566 200 568 XOR
2 1 567 566 569 XOR
2 1 567 568 570 AND
2 1 566 570 571 XOR
2 1 539 201 572 XOR
2 1 571 201 573 XOR
2 1 572 571 574 XOR
2 1 572 573 575 AND
2 1 571 575 576 XOR
2 1 542 202 577 XOR
2 1 576 202 578 XOR
2 1 577 576 579 XOR
2 1 577 578 580 AND
2 1 576 580 581 XOR
2 1 545 203 582 XOR
2 1 581 203 583 XOR
2 1 582 581 584 XOR
2 1 582 583 585 AND
2 1 581 585 586 XOR
2 1 548 204 587 XOR
2 1 586 204 588 XOR
2 1 587 586 589 XOR
2 1 587 588 590 AND
2 1 586 590 591 XOR
2 1 591 229 592 XOR
2 1 591 229 593 AND
2 1 592 593 594 XOR
2 1 113 550 595 XOR
2 1 594 595 596 AND
2 1 596 550 597 XOR
2 1 527 554 598 XOR
2 1 594 598 599 AND
2 1 599 554 600 XOR
2 1 530 559 601 XOR
2 1 594 601 602 AND
2 1 602 559 603 XOR
2 1 533 564 604 XOR
2 1 594 604 605 AND
2 1 605 564 606 XOR
2 1 536 569 607 XOR
2 1 594 607 608 AND
2 1 608 569 609 XOR
2 1 539 574 610 XOR
2 1 594 610 611 AND
2 1 611 574 612 XOR
2 1 542 579 613 XOR
2 1 594 613 614 AND
2 1 614 579 615 XOR
2 1 545 584 616 XOR
2 1 594 616 617 AND
2 1 617 584 618 XOR
2 1 548 589 619 XOR
2 1 594 619 620 AND
2 1 620 589 621 XOR
1 1 594 622 INV
2 1 112 196 623 XOR
2 1 623 196 624 AND
2 1 597 197 625 XOR
2 1 624 197 626 XOR
2 1 625 624 627 XOR
2 1 625 626 628 AND
2 1 624 628 629 XOR
2 1 600 198 630 XOR
2 1 629 198 631 XOR
2 1 630 629 632 XOR
2 1 630 631 633 AND
2 1 629 633 634 XOR
2 1 603 199 635 XOR
2 1 634 199 636 XOR
2 1 635 634 637 XOR
2 1 635 636 638 AND
2 1 634 638 639 XOR
2 1 606 200 640 XOR
2 1 639 200 641 XOR
2 1 640 639 642 XOR
2 1 640 641 643 AND
2 1 639 643 644 XOR
2 1 609 201 645 XOR
2 1 644 201 646 XOR
2 1 645 644 647 XOR
2 1 645 646 648 AND
2 1 644 648 649 XOR
2 1 612 202 650 XOR
2 1 649 202 651 XOR
2 1 650 649 652 XOR
2 1 650 651 653 AND
2 1 649 653 654 XOR
2 1 615 203 655 XOR
2 1 654 203 656 XOR
2 1 655 654 657 XOR
2 1 655 656 658 AND
2 1 654 658 659 XOR
2 1 618 204 660 XOR
2 1 659 204 661 XOR
2 1 660 659 662 XOR
2 1 660 661 663 AND
2 1 659 663 664 XOR
2 1 621 205 665 XOR
2 1 664 205 666 XOR
2 1 665 664 667 XOR
2 1 665 666 668 AND
2 1 664 668 669 XOR
2 1 669 226 670 XOR
2 1 669 226 671 AND
2 1 670 671 672 XOR
2 1 112 623 673 XOR
2 1 672 673 674 AND
2 1 674 623 675 XOR
2 1 597 627 676 XOR
2 1 672 676 677 AND
2 1 677 627 678 XOR
2 1 600 632 679 XOR
2 1 672 679 680 AND
2 1 680 632 681 XOR
2 1 603 637 682 XOR
2 1 672 682 683 AND
2 1 683 637 684 XOR
2 1 606 642 685 XOR
2 1 672 685 686 AND
2 1 686 642 687 XOR
2 1 609 647 688 XOR
2 1 672 688 689 AND
2 1 689 647 690 XOR
2 1 612 652 691 XOR
2 1 672 691 692 AND
2 1 692 652 693 XOR
2 1 615 657 694 XOR
2 1 672 694 695 AND
2 1 695 657 696 XOR
2 1 618 662 697 XOR
2 1 672 697 698 AND
2 1 698 662 699 XOR
2 1 621 667 700 XOR
2 1 672 700 701 AND
2 1 701 667 702 XOR
1 1 672 703 INV
2 1 111 196 704 XOR
2 1 704 196 705 AND
2 1 675 197 706 XOR
2 1 705 197 707 XOR
2 1 706 705 708 XOR
2 1 706 707 709 AND
2 1 705 709 710 XOR
2 1 678 198 711 XOR
2 1 710 198 712 XOR
2 1 711 710 713 XOR
2 1 711 712 714 AND
2 1 710 714 715 XOR
2 1 681 199 716 XOR
2 1 715 199 717 XOR
2 1 716 715 718 XOR
2 1 716 717 719 AND
2 1 715 719 720 XOR
2 1 684 200 721 XOR
2 1 720 200 722 XOR
2 1 721 720 723 XOR
2 1 721 722 724 AND
2 1 720 724 725 XOR
2 1 687 201 726 XOR
2 1 725 201 727 XOR
2 1 726 725 728 XOR
2 1 726 727 729 AND
2 1 725 729 730 XOR
2 1 690 202 731 XOR
2 1 730 202 732 XOR
2 1 731 730 733 XOR
2 1 731 732 734 AND
2 1 730 734 735 XOR
2 1 693 203 736 XOR
2 1 735 203 737 XOR
2 1 736 735 738 XOR
2 1 736 737 739 AND
2 1 735 739 740 XOR
2 1 696 204 741 XOR
2 1 740 204 742 XOR
2 1 741 740 743 XOR
2 1 741 742 744 AND
2 1 740 744 745 XOR
2 1 699 205 746 XOR
2 1 745 205 747 XOR
2 1 746 745 748 XOR
2 1 746 747 749 AND
2 1 745 749 750 XOR
2 1 702 206 751 XOR
2 1 750 206 752 XOR
2 1 751 750 753 XOR
2 1 751 752 754 AND
2 1 750 754 755 XOR
2 1 755 223 756 XOR
2 1 755 223 757 AND
2 1 756 757 758 XOR
2 1 111 704 759 XOR
2 1 758 759 760 AND
2 1 760 704 761 XOR
2 1 675 708 762 XOR
2 1 758 762 763 AND
2 1 763 708 764 XOR
2 1 678 713 765 XOR
2 1 758 765 766 AND
2 1 766 713 767 XOR
2 1 681 718 768 XOR
2 1 758 768 769 AND
2 1 769 718 770 XOR
2 1 684 723 771 XOR
2 1 758 771 772 AND
2 1 772 723 773 XOR
2 1 687 728 774 XOR
2 1 758 774 775 AND
2 1 775 728 776 XOR
2 1 690 733 777 XOR
2 1 758 777 778 AND
2 1 778 733 779 XOR
2 1 693 738 780 XOR
2 1 758 780 781 AND
2 1 781 738 782 XOR
2 1 696 743 783 XOR
2 1 758 783 784 AND
2 1 784 743 785 XOR
2 1 699 748 786 XOR
2 1 758 786 787 AND
2 1 787 748 788 XOR
2 1 702 753 789 XOR
2 1 758 789 790 AND
2 1 790 753 791 XOR
1 1 758 792 INV
2 1 110 196 793 XOR
2 1 793 196 794 AND
2 1 761 197 795 XOR
2 1 794 197 796 XOR
2 1 795 794 797 XOR
2 1 795 796 798 AND
2 1 794 798 799 XOR
2 1 764 198 800 XOR
2 1 799 198 801 XOR
2 1 800 799 802 XOR
2 1 800 801 803 AND
2 1 799 803 804 XOR
2 1 767 199 805 XOR
2 1 804 199 806 XOR
2 1 805 804 807 XOR
2 1 805 806 808 AND
2 1 804 808 809 XOR
2 1 770 200 810 XOR
2 1 809 200 811 XOR
2 1 810 809 812 XOR
2 1 810 811 813 AND
2 1 809 813 814 XOR
2 1 773 201 815 XOR
2 1 814 201 816 XOR
2 1 815 814 817 XOR
2 1 815 816 818 AND
2 1 814 818 819 XOR
2 1 776 202 820 XOR
2 1 819 202 821 XOR
2 1 820 819 822 XOR
2 1 820 821 823 AND
2 1 819 823 824 XOR
2 1 779 203 825 XOR
2 1 824 203 826 XOR
2 1 825 824 827 XOR
2 1 825 826 828 AND
2 1 824 828 829 XOR
2 1 782 204 830 XOR
2 1 829 204 831 XOR
2 1 830 829 832 XOR
2 1 830 831 833 AND
2 1 829 833 834 XOR
2 1 785 205 835 XOR
2 1 834 205 836 XOR
2 1 835 834 837 XOR
2 1 835 836 838 AND
2 1 834 838 839 XOR
2 1 788 206 840 XOR
2 1 839 206 841 XOR
2 1 840 839 842 XOR
2 1 840 841 843 AND
2 1 839 843 844 XOR
2 1 791 207 845 XOR
2 1 844 207 846 XOR
2 1 845 844 847 XOR
2 1 845 846 848 AND
2 1 844 848 849 XOR
2 1 849 220 850 XOR
2 1 849 220 851 AND
2 1 850 851 852 XOR
2 1 110 793 853 XOR
2 1 852 853 854 AND
2 1 854 793 855 XOR
2 1 761 797 856 XOR
2 1 852 856 857 AND
2 1 857 797 858 XOR
2 1 764 802 859 XOR
2 1 852 859 860 AND
2 1 860 802 861 XOR
2 1 767 807 862 XOR
2 1 852 862 863 AND
2 1 863 807 864 XOR
2 1 770 812 865 XOR
2 1 852 865 866 AND
2 1 866 812 867 XOR
2 1 773 817 868 XOR
2 1 852 868 869 AND
2 1 869 817 870 XOR
2 1 776 822 871 XOR
2 1 852 871 872 AND
2 1 872 822 873 XOR
2 1 779 827 874 XOR
2 1 852 874 875 AND
2 1 875 827 876 XOR
2 1 782 832 877 XOR
2 1 852 877 878 AND
2 1 878 832 879 XOR
2 1 785 837 880 XOR
2 1 852 880 881 AND
2 1 881 837 882 XOR
2 1 788 842 883 XOR
2 1 852 883 884 AND
2 1 884 842 885 XOR
2 1 791 847 886 XOR
2 1 852 886 887 AND
2 1 887 847 888 XOR
1 1 852 889 INV
2 1 109 196 890 XOR
2 1 890 196 891 AND
2 1 855 197 892 XOR
2 1 891 197 893 XOR
2 1 892 891 894 XOR
2 1 892 893 895 AND
2 1 891 895 896 XOR
2 1 858 198 897 XOR
2 1 896 198 898 XOR
2 1 897 896 899 XOR
2 1 897 898 900 AND
2 1 896 900 901 XOR
2 1 861 199 902 XOR
2 1 901 199 903 XOR
2 1 902 901 904 XOR
2 1 902 903 905 AND
2 1 901 905 906 XOR
2 1 864 200 907 XOR
2 1 906 200 908 XOR
2 1 907 906 909 XOR
2 1 907 908 910 AND
2 1 906 910 911 XOR
2 1 867 201 912 XOR
2 1 911 201 913 XOR
2 1 912 911 914 XOR
2 1 912 913 915 AND
2 1 911 915 916 XOR
2 1 870 202 917 XOR
2 1 916 202 918 XOR
2 1 917 916 919 XOR
2 1 917 918 920 AND
2 1 916 920 921 XOR
2 1 873 203 922 XOR
2 1 921 203 923 XOR
2 1 922 921 924 XOR
2 1 922 923 925 AND
2 1 921 925 926 XOR
2 1 876 204 927 XOR
2 1 926 204 928 XOR
2 1 927 926 929 XOR
2 1 927 928 930 AND
2 1 926 930 931 XOR
2 1 879 205 932 XOR
2 1 931 205 933 XOR
2 1 932 931 934 XOR
2 1 932 933 935 AND
2 1 931 935 936 XOR
2 1 882 206 937 XOR
2 1 936 206 938 XOR
2 1 937 936 939 XOR
2 1 937 938 940 AND
2 1 936 940 941 XOR
2 1 885 207 942 XOR
2 1 941 207 943 XOR
2 1 942 941 944 XOR
2 1 942 943 945 AND
2 1 941 945 946 XOR
2 1 888 208 947 XOR
2 1 946 208 948 XOR
2 1 947 946 949 XOR
2 1 947 948 950 AND
2 1 946 950 951 XOR
2 1 951 217 952 XOR
2 1 951 217 953 AND
2 1 952 953 954 XOR
2 1 109 890 955 XOR
2 1 954 955 956 AND
2 1 956 890 957 XOR
2 1 855 894 958 XOR
2 1 954 958 959 AND
2 1 959 894 960 XOR
2 1 858 899 961 XOR
2 1 954 961 962 AND
2 1 962 899 963 XOR
2 1 861 904 964 XOR
2 1 954 964 965 AND
2 1 965 904 966 XOR
2 1 864 909 967 XOR
2 1 954 967 968 AND
2 1 968 909 969 XOR
2 1 867 914 970 XOR
2 1 954 970 971 AND
2 1 971 914 972 XOR
2 1 870 919 973 XOR
2 1 954 973 974 AND
2 1 974 919 975 XOR
2 1 873 924 976 XOR
2 1 954 976 977 AND
2 1 977 924 978 XOR
2 1 876 929 979 XOR
2 1 954 979 980 AND
2 1 980 929 981 XOR
2 1 879 934 982 XOR
2 1 954 982 983 AND
2 1 983 934 984 XOR
2 1 882 939 985 XOR
2 1 954 985 986 AND
2 1 986 939 987 XOR
2 1 885 944 988 XOR
2 1 954 988 989 AND
2 1 989 944 990 XOR
2 1 888 949 991 XOR
2 1 954 991 992 AND
2 1 992 949 993 XOR
1 1 954 994 INV
2 1 108 196 995 XOR
2 1 995 196 996 AND
2 1 957 197 997 XOR
2 1 996 197 998 XOR
2 1 997 996 999 XOR
2 1 997 998 1000 AND
2 1 996 1000 1001 XOR
2 1 960 198 1002 XOR
2 1 1001 198 1003 XOR
2 1 1002 1001 1004 XOR
2 1 1002 1003 1005 AND
2 1 1001 1005 1006 XOR
2 1 963 199 1007 XOR
2 1 1006 199 1008 XOR
2 1 1007 1006 1009 XOR
2 1 1007 1008 1010 AND
2 1 1006 1010 1011 XOR
2 1 966 200 1012 XOR
2 1 1011 200 1013 XOR
2 1 1012 1011 1014 XOR
2 1 1012 1013 1015 AND
2 1 1011 1015 1016 XOR
2 1 969 201 1017 XOR
2 1 1016 201 1018 XOR
2 1 1017 1016 1019 XOR
2 1 1017 1018 1020 AND
2 1 1016 1020 1021 XOR
2 1 972 202 1022 XOR
2 1 1021 202 1023 XOR
2 1 1022 1021 1024 XOR
2 1 1022 1023 1025 AND
2 1 1021 1025 1026 XOR
2 1 975 203 1027 XOR
2 1 1026 203 1028 XOR
2 1 1027 1026 1029 XOR
2 1 1027 1028 1030 AND
2 1 1026 1030 1031 XOR
2 1 978 204 1032 XOR
2 1 1031 204 1033 XOR
2 1 1032 1031 1034 XOR
2 1 1032 1033 1035 AND
2 1 1031 1035 1036 XOR
2 1 981 205 1037 XOR
2 1 1036 205 1038 XOR
2 1 1037 1036 1039 XOR
2 1 1037 1038 1040 AND
2 1 1036 1040 1041 XOR
2 1 984 206 1042 XOR
2 1 1041 206 1043 XOR
2 1 1042 1041 1044 XOR
2 1 1042 1043 1045 AND
2 1 1041 1045 1046 XOR
2 1 987 207 1047 XOR
2 1 1046 207 1048 XOR
2 1 1047 1046 1049 XOR
2 1 1047 1048 1050 AND
2 1 1046 1050 1051 XOR
2 1 990 208 1052 XOR
2 1 1051 208 1053 XOR
2 1 1052 1051 1054 XOR
2 1 1052 1053 1055 AND
2 1 1051 1055 1056 XOR
2 1 993 209 1057 XOR
2 1 1056 209 1058 XOR
2 1 1057 1056 1059 XOR
2 1 1057 1058 1060 AND
2 1 1056 1060 1061 XOR
2 1 1061 214 1062 XOR
2 1 1061 214 1063 AND
2 1 1062 1063 1064 XOR
2 1 108 995 1065 XOR
2 1 1064 1065 1066 AND
2 1 1066 995 1067 XOR
2 1 957 999 1068 XOR
2 1 1064 1068 1069 AND
2 1 1069 999 1070 XOR
2 1 960 1004 1071 XOR
2 1 1064 1071 1072 AND
2 1 1072 1004 1073 XOR
2 1 963 1009 1074 XOR
2 1 1064 1074 1075 AND
2 1 1075 1009 1076 XOR
2 1 966 1014 1077 XOR
2 1 1064 1077 1078 AND
2 1 1078 1014 1079 XOR
2 1 969 1019 1080 XOR
2 1 1064 1080 1081 AND
2 1 1081 1019 1082 XOR
2 1 972 1024 1083 XOR
2 1 1064 1083 1084 AND
2 1 1084 1024 1085 XOR
2 1 975 1029 1086 XOR
2 1 1064 1086 1087 AND
2 1 1087 1029 1088 XOR
2 1 978 1034 1089 XOR
2 1 1064 1089 1090 AND
2 1 1090 1034 1091 XOR
2 1 981 1039 1092 XOR
2 1 1064 1092 1093 AND
2 1 1093 1039 1094 XOR
2 1 984 1044 1095 XOR
2 1 1064 1095 1096 AND
2 1 1096 1044 1097 XOR
2 1 987 1049 1098 XOR
2 1 1064 1098 1099 AND
2 1 1099 1049 1100 XOR
2 1 990 1054 1101 XOR
2 1 1064 1101 1102 AND
2 1 1102 1054 1103 XOR
2 1 993 1059 1104 XOR
2 1 1064 1104 1105 AND
2 1 1105 1059 1106 XOR
1 1 1064 1107 INV
2 1 107 196 1108 XOR
2 1 1108 196 1109 AND
2 1 1067 197 1110 XOR
2 1 1109 197 1111 XOR
2 1 1110 1109 1112 XOR
2 1 1110 1111 1113 AND
2 1 1109 1113 1114 XOR
2 1 1070 198 1115 XOR
2 1 1114 198 1116 XOR
2 1 1115 1114 1117 XOR
2 1 1115 1116 1118 AND
2 1 1114 1118 1119 XOR
2 1 1073 199 1120 XOR
2 1 1119 199 1121 XOR
2 1 1120 1119 1122 XOR
2 1 1120 1121 1123 AND
2 1 1119 1123 1124 XOR
2 1 1076 200 1125 XOR
2 1 1124 200 1126 XOR
2 1 1125 1124 1127 XOR
2 1 1125 1126 1128 AND
2 1 1124 1128 1129 XOR
2 1 1079 201 1130 XOR
2 1 1129 201 1131 XOR
2 1 1130 1129 1132 XOR
2 1 1130 1131 1133 AND
2 1 1129 1133 1134 XOR
2 1 1082 202 1135 XOR
2 1 1134 202 1136 XOR
2 1 1135 1134 1137 XOR
2 1 1135 1136 1138 AND
2 1 1134 1138 1139 XOR
2 1 1085 203 1140 XOR
2 1 1139 203 1141 XOR
2 1 1140 1139 1142 XOR
2 1 1140 1141 1143 AND
2 1 1139 1143 1144 XOR
2 1 1088 204 1145 XOR
2 1 1144 204 1146 XOR
2 1 1145 1144 1147 XOR
2 1 1145 1146 1148 AND
2 1 1144 1148 1149 XOR
2 1 1091 205 1150 XOR
2 1 1149 205 1151 XOR
2 1 1150 1149 1152 XOR
2 1 1150 1151 1153 AND
2 1 1149 1153 1154 XOR
2 1 1094 206 1155 XOR
2 1 1154 206 1156 XOR
2 1 1155 1154 1157 XOR
2 1 1155 1156 1158 AND
2 1 1154 1158 1159 XOR
2 1 1097 207 1160 XOR
2 1 1159 207 1161 XOR
2 1 1160 1159 1162 XOR
2 1 1160 1161 1163 AND
2 1 1159 1163 1164 XOR
2 1 1100 208 1165 XOR
2 1 1164 208 1166 XOR
2 1 1165 1164 1167 XOR
2 1 1165 1166 1168 AND
2 1 1164 1168 1169 XOR
2 1 1103 209 1170 XOR
2 1 1169 209 1171 XOR
2 1 1170 1169 1172 XOR
2 1 1170 1171 1173 AND
2 1 1169 1173 1174 XOR
2 1 1106 210 1175 XOR
2 1 1174 210 1176 XOR
2 1 1175 1174 1177 XOR
2 1 1175 1176 1178 AND
2 1 1174 1178 1179 XOR
2 1 1179 211 1180 XOR
2 1 1179 211 1181 AND
2 1 1180 1181 1182 XOR
2 1 107 1108 1183 XOR
2 1 1182 1183 1184 AND
2 1 1184 1108 1185 XOR
2 1 1067 1112 1186 XOR
2 1 1182 1186 1187 AND
2 1 1187 1112 1188 XOR
2 1 1070 1117 1189 XOR
2 1 1182 1189 1190 AND
2 1 1190 1117 1191 XOR
2 1 1073 1122 1192 XOR
2 1 1182 1192 1193 AND
2 1 1193 1122 1194 XOR
2 1 1076 1127 1195 XOR
2 1 1182 1195 1196 AND
2 1 1196 1127 1197 XOR
2 1 1079 1132 1198 XOR
2 1 1182 1198 1199 AND
2 1 1199 1132 1200 XOR
2 1 1082 1137 1201 XOR
2 1 1182 1201 1202 AND
2 1 1202 1137 1203 XOR
2 1 1085 1142 1204 XOR
2 1 1182 1204 1205 AND
2 1 1205 1142 1206 XOR
2 1 1088 1147 1207 XOR
2 1 1182 1207 1208 AND
2 1 1208 1147 1209 XOR
2 1 1091 1152 1210 XOR
2 1 1182 1210 1211 AND
2 1 1211 1152 1212 XOR
2 1 1094 1157 1213 XOR
2 1 1182 1213 1214 AND
2 1 1214 1157 1215 XOR
2 1 1097 1162 1216 XOR
2 1 1182 1216 1217 AND
2 1 1217 1162 1218 XOR
2 1 1100 1167 1219 XOR
2 1 1182 1219 1220 AND
2 1 1220 1167 1221 XOR
2 1 1103 1172 1222 XOR
2 1 1182 1222 1223 AND
2 1 1223 1172 1224 XOR
2 1 1106 1177 1225 XOR
2 1 1182 1225 1226 AND
2 1 1226 1177 1227 XOR
1 1 1182 1228 INV
2 1 106 196 1229 XOR
2 1 1229 196 1230 AND
2 1 1185 197 1231 XOR
2 1 1230 197 1232 XOR
2 1 1231 1230 1233 XOR
2 1 1231 1232 1234 AND
2 1 1230 1234 1235 XOR
2 1 1188 198 1236 XOR
2 1 1235 198 1237 XOR
2 1 1236 1235 1238 XOR
2 1 1236 1237 1239 AND
2 1 1235 1239 1240 XOR
2 1 1191 199 1241 XOR
2 1 1240 199 1242 XOR
2 1 1241 1240 1243 XOR
2 1 1241 1242 1244 AND
2 1 1240 1244 1245 XOR
2 1 1194 200 1246 XOR
2 1 1245 200 1247 XOR
2 1 1246 1245 1248 XOR
2 1 1246 1247 1249 AND
2 1 1245 1249 1250 XOR
2 1 1197 201 1251 XOR
2 1 1250 201 1252 XOR
2 1 1251 1250 1253 XOR
2 1 1251 1252 1254 AND
2 1 1250 1254 1255 XOR
2 1 1200 202 1256 XOR
2 1 1255 202 1257 XOR
2 1 1256 1255 1258 XOR
2 1 1256 1257 1259 AND
2 1 1255 1259 1260 XOR
2 1 1203 203 1261 XOR
2 1 1260 203 1262 XOR
2 1 1261 1260 1263 XOR
2 1 1261 1262 1264 AND
2 1 1260 1264 1265 XOR
2 1 1206 204 1266 XOR
2 1 1265 204 1267 XOR
2 1 1266 1265 1268 XOR
2 1 1266 1267 1269 AND
2 1 1265 1269 1270 XOR
2 1 1209 205 1271 XOR
2 1 1270 205 1272 XOR
2 1 1271 1270 1273 XOR
2 1 1271 1272 1274 AND
2 1 1270 1274 1275 XOR
2 1 1212 206 1276 XOR
2 1 1275 206 1277 XOR
2 1 1276 1275 1278 XOR
2 1 1276 1277 1279 AND
2 1 1275 1279 1280 XOR
2 1 1215 207 1281 XOR
2 1 1280 207 1282 XOR
2 1 1281 1280 1283 XOR
2 1 1281 1282 1284 AND
2 1 1280 1284 1285 XOR
2 1 1218 208 1286 XOR
2 1 1285 208 1287 XOR
2 1 1286 1285 1288 XOR
2 1 1286 1287 1289 AND
2 1 1285 1289 1290 XOR
2 1 1221 209 1291 XOR
2 1 1290 209 1292 XOR
2 1 1291 1290 1293 XOR
2 1 1291 1292 1294 AND
2 1 1290 1294 1295 XOR
2 1 1224 210 1296 XOR
2 1 1295 210 1297 XOR
2 1 1296 1295 1298 XOR
2 1 1296 1297 1299 AND
2 1 1295 1299 1300 XOR
2 1 1227 211 1301 XOR
2 1 1300 211 1302 XOR
2 1 1301 1300 1303 XOR
2 1 1301 1302 1304 AND
2 1 1300 1304 1305 XOR
2 1 106 1229 1306 XOR
2 1 1305 1306 1307 AND
2 1 1307 1229 1308 XOR
2 1 1185 1233 1309 XOR
2 1 1305 1309 1310 AND
2 1 1310 1233 1311 XOR
2 1 1188 1238 1312 XOR
2 1 1305 1312 1313 AND
2 1 1313 1238 1314 XOR
2 1 1191 1243 1315 XOR
2 1 1305 1315 1316 AND
2 1 1316 1243 1317 XOR
2 1 1194 1248 1318 XOR
2 1 1305 1318 1319 AND
2 1 1319 1248 1320 XOR
2 1 1197 1253 1321 XOR
2 1 1305 1321 1322 AND
2 1 1322 1253 1323 XOR
2 1 1200 1258 1324 XOR
2 1 1305 1324 1325 AND
2 1 1325 1258 1326 XOR
2 1 1203 1263 1327 XOR
2 1 1305 1327 1328 AND
2 1 1328 1263 1329 XOR
2 1 1206 1268 1330 XOR
2 1 1305 1330 1331 AND
2 1 1331 1268 1332 XOR
2 1 1209 1273 1333 XOR
2 1 1305 1333 1334 AND
2 1 1334 1273 1335 XOR
2 1 1212 1278 1336 XOR
2 1 1305 1336 1337 AND
2 1 1337 1278 1338 XOR
2 1 1215 1283 1339 XOR
2 1 1305 1339 1340 AND
2 1 1340 1283 1341 XOR
2 1 1218 1288 1342 XOR
2 1 1305 1342 1343 AND
2 1 1343 1288 1344 XOR
2 1 1221 1293 1345 XOR
2 1 1305 1345 1346 AND
2 1 1346 1293 1347 XOR
2 1 1224 1298 1348 XOR
2 1 1305 1348 1349 AND
2 1 1349 1298 1350 XOR
2 1 1227 1303 1351 XOR
2 1 1305 1351 1352 AND
2 1 1352 1303 1353 XOR
1 1 1305 1354 INV
2 1 1308 15 1355 XOR
2 1 1355 15 1356 XOR
2 1 15 1355 1357 AND
2 1 1311 15 1358 XOR
2 1 1358 1357 1359 XOR
2 1 1357 1358 1360 AND
2 1 1314 15 1361 XOR
2 1 1361 1360 1362 XOR
2 1 1360 1361 1363 AND
2 1 1317 15 1364 XOR
2 1 1364 1363 1365 XOR
2 1 1363 1364 1366 AND
2 1 1320 15 1367 XOR
2 1 1367 1366 1368 XOR
2 1 1366 1367 1369 AND
2 1 1323 15 1370 XOR
2 1 1370 1369 1371 XOR
2 1 1369 1370 1372 AND
2 1 1326 15 1373 XOR
2 1 1373 1372 1374 XOR
2 1 1372 1373 1375 AND
2 1 1329 15 1376 XOR
2 1 1376 1375 1377 XOR
2 1 1375 1376 1378 AND
2 1 1332 15 1379 XOR
2 1 1379 1378 1380 XOR
2 1 1378 1379 1381 AND
2 1 1335 15 1382 XOR
2 1 1382 1381 1383 XOR
2 1 1381 1382 1384 AND
2 1 1338 15 1385 XOR
2 1 1385 1384 1386 XOR
2 1 1384 1385 1387 AND
2 1 1341 15 1388 XOR
2 1 1388 1387 1389 XOR
2 1 1387 1388 1390 AND
2 1 1344 15 1391 XOR
2 1 1391 1390 1392 XOR
2 1 1390 1391 1393 AND
2 1 1347 15 1394 XOR
2 1 1394 1393 1395 XOR
2 1 1393 1394 1396 AND
2 1 1350 15 1397 XOR
2 1 1397 1396 1398 XOR
2 1 1396 1397 1399 AND
2 1 15 1399 1400 XOR
2 1 1400 1353 1401 XOR
2 1 0 0 1402 XOR
2 1 1402 1356 1403 XOR
2 1 1402 1359 1404 XOR
2 1 1402 1362 1405 XOR
2 1 1402 1365 1406 XOR
2 1 1402 1368 1407 XOR
2 1 1402 1371 1408 XOR
2 1 1402 1374 1409 XOR
2 1 1402 1377 1410 XOR
2 1 1402 1380 1411 XOR
2 1 1402 1383 1412 XOR
2 1 1402 1386 1413 XOR
2 1 1402 1389 1414 XOR
2 1 1402 1392 1415 XOR
2 1 1402 1395 1416 XOR
2 1 1402 1398 1417 XOR
2 1 1402 1401 1418 XOR
