2490 2554
32 32 32
                                                                                                                                                                                     
1 1 63 64 INV
1 1 30 65 INV
2 1 62 65 66 AND
1 1 66 67 INV
1 1 29 68 INV
2 1 61 68 69 AND
1 1 69 70 INV
1 1 61 71 INV
1 1 68 72 INV
2 1 71 72 73 AND
1 1 73 74 INV
1 1 28 75 INV
2 1 74 75 76 AND
2 1 60 76 77 AND
1 1 77 78 INV
2 1 70 78 79 AND
1 1 79 80 INV
1 1 62 81 INV
2 1 30 81 82 AND
1 1 82 83 INV
2 1 80 83 84 AND
1 1 84 85 INV
2 1 67 85 86 AND
1 1 25 87 INV
2 1 57 87 88 AND
1 1 88 89 INV
1 1 57 90 INV
1 1 87 91 INV
2 1 90 91 92 AND
1 1 92 93 INV
1 1 24 94 INV
2 1 93 94 95 AND
2 1 95 56 96 AND
1 1 96 97 INV
2 1 89 97 98 AND
1 1 98 99 INV
1 1 58 100 INV
2 1 26 100 101 AND
1 1 101 102 INV
1 1 59 103 INV
2 1 27 103 104 AND
1 1 104 105 INV
2 1 102 105 106 AND
1 1 106 107 INV
1 1 107 108 INV
2 1 99 108 109 AND
1 1 109 110 INV
1 1 27 111 INV
2 1 59 111 112 AND
1 1 112 113 INV
2 1 110 113 114 AND
1 1 26 115 INV
2 1 105 115 116 AND
2 1 58 116 117 AND
1 1 117 118 INV
2 1 114 118 119 AND
1 1 119 120 INV
1 1 82 121 INV
2 1 74 121 122 AND
1 1 60 123 INV
2 1 28 123 124 AND
1 1 124 125 INV
2 1 122 125 126 AND
2 1 120 126 127 AND
1 1 127 128 INV
1 1 107 129 INV
2 1 126 129 130 AND
1 1 56 131 INV
2 1 24 131 132 AND
1 1 132 133 INV
2 1 93 133 134 AND
2 1 130 134 135 AND
1 1 50 136 INV
2 1 18 136 137 AND
1 1 137 138 INV
1 1 51 139 INV
2 1 19 139 140 AND
1 1 140 141 INV
2 1 138 141 142 AND
1 1 142 143 INV
1 1 143 144 INV
2 1 135 144 145 AND
1 1 53 146 INV
2 1 21 146 147 AND
1 1 147 148 INV
1 1 52 149 INV
2 1 20 149 150 AND
1 1 150 151 INV
2 1 148 151 152 AND
1 1 54 153 INV
2 1 22 153 154 AND
1 1 154 155 INV
1 1 55 156 INV
2 1 23 156 157 AND
1 1 157 158 INV
2 1 155 158 159 AND
1 1 159 160 INV
1 1 160 161 INV
2 1 152 161 162 AND
1 1 162 163 INV
1 1 163 164 INV
2 1 145 164 165 AND
1 1 49 166 INV
2 1 17 166 167 AND
1 1 167 168 INV
1 1 15 169 INV
2 1 47 169 170 AND
1 1 170 171 INV
1 1 13 172 INV
2 1 45 172 173 AND
1 1 173 174 INV
1 1 45 175 INV
2 1 13 175 176 AND
1 1 176 177 INV
1 1 12 178 INV
2 1 177 178 179 AND
2 1 44 179 180 AND
1 1 180 181 INV
2 1 174 181 182 AND
1 1 182 183 INV
1 1 46 184 INV
2 1 14 184 185 AND
1 1 185 186 INV
1 1 47 187 INV
2 1 15 187 188 AND
1 1 188 189 INV
2 1 186 189 190 AND
1 1 190 191 INV
1 1 191 192 INV
2 1 183 192 193 AND
1 1 193 194 INV
2 1 171 194 195 AND
1 1 14 196 INV
2 1 189 196 197 AND
2 1 46 197 198 AND
1 1 198 199 INV
1 1 9 200 INV
2 1 41 200 201 AND
1 1 201 202 INV
1 1 41 203 INV
2 1 9 203 204 AND
1 1 204 205 INV
1 1 8 206 INV
2 1 205 206 207 AND
2 1 40 207 208 AND
1 1 208 209 INV
2 1 202 209 210 AND
1 1 210 211 INV
1 1 42 212 INV
2 1 10 212 213 AND
1 1 213 214 INV
1 1 43 215 INV
2 1 11 215 216 AND
1 1 216 217 INV
2 1 214 217 218 AND
1 1 218 219 INV
1 1 219 220 INV
2 1 211 220 221 AND
1 1 221 222 INV
1 1 11 223 INV
2 1 43 223 224 AND
1 1 224 225 INV
2 1 222 225 226 AND
1 1 10 227 INV
2 1 217 227 228 AND
2 1 42 228 229 AND
1 1 229 230 INV
2 1 226 230 231 AND
1 1 231 232 INV
1 1 44 233 INV
2 1 12 233 234 AND
1 1 234 235 INV
2 1 177 235 236 AND
1 1 191 237 INV
2 1 236 237 238 AND
2 1 232 238 239 AND
1 1 239 240 INV
2 1 199 240 241 AND
1 1 219 242 INV
2 1 238 242 243 AND
1 1 40 244 INV
2 1 8 244 245 AND
1 1 245 246 INV
2 1 205 246 247 AND
1 1 5 248 INV
2 1 37 248 249 AND
1 1 249 250 INV
1 1 37 251 INV
2 1 5 251 252 AND
1 1 252 253 INV
1 1 4 254 INV
2 1 253 254 255 AND
2 1 36 255 256 AND
1 1 256 257 INV
2 1 250 257 258 AND
1 1 258 259 INV
1 1 38 260 INV
2 1 6 260 261 AND
1 1 261 262 INV
1 1 39 263 INV
2 1 7 263 264 AND
1 1 264 265 INV
2 1 262 265 266 AND
1 1 266 267 INV
1 1 267 268 INV
2 1 259 268 269 AND
1 1 269 270 INV
1 1 7 271 INV
2 1 39 271 272 AND
1 1 272 273 INV
2 1 270 273 274 AND
1 1 6 275 INV
2 1 265 275 276 AND
2 1 276 38 277 AND
1 1 277 278 INV
1 1 35 279 INV
1 1 3 280 INV
1 1 280 281 INV
2 1 279 281 282 AND
1 1 282 283 INV
1 1 34 284 INV
2 1 2 284 285 AND
1 1 285 286 INV
2 1 283 286 287 AND
1 1 1 288 INV
2 1 33 288 289 AND
1 1 289 290 INV
1 1 33 291 INV
2 1 1 291 292 AND
1 1 292 293 INV
1 1 0 294 INV
2 1 293 294 295 AND
2 1 32 295 296 AND
1 1 296 297 INV
2 1 290 297 298 AND
1 1 298 299 INV
2 1 287 299 300 AND
1 1 300 301 INV
2 1 35 280 302 AND
1 1 302 303 INV
2 1 301 303 304 AND
1 1 2 305 INV
2 1 283 305 306 AND
2 1 34 306 307 AND
1 1 307 308 INV
2 1 304 308 309 AND
1 1 309 310 INV
1 1 267 311 INV
2 1 310 311 312 AND
1 1 36 313 INV
2 1 4 313 314 AND
1 1 314 315 INV
2 1 253 315 316 AND
2 1 312 316 317 AND
1 1 317 318 INV
2 1 278 318 319 AND
2 1 274 319 320 AND
1 1 320 321 INV
2 1 247 321 322 AND
2 1 243 322 323 AND
1 1 323 324 INV
2 1 241 324 325 AND
2 1 195 325 326 AND
1 1 326 327 INV
2 1 168 327 328 AND
1 1 48 329 INV
2 1 16 329 330 AND
1 1 330 331 INV
2 1 328 331 332 AND
2 1 165 332 333 AND
1 1 333 334 INV
2 1 128 334 335 AND
1 1 21 336 INV
2 1 53 336 337 AND
1 1 337 338 INV
1 1 20 339 INV
2 1 148 339 340 AND
2 1 52 340 341 AND
1 1 341 342 INV
2 1 338 342 343 AND
1 1 343 344 INV
1 1 160 345 INV
2 1 344 345 346 AND
1 1 346 347 INV
1 1 23 348 INV
2 1 55 348 349 AND
1 1 349 350 INV
2 1 347 350 351 AND
1 1 22 352 INV
2 1 158 352 353 AND
2 1 353 54 354 AND
1 1 354 355 INV
1 1 17 356 INV
2 1 49 356 357 AND
1 1 357 358 INV
1 1 16 359 INV
2 1 168 359 360 AND
2 1 48 360 361 AND
1 1 361 362 INV
2 1 358 362 363 AND
1 1 363 364 INV
1 1 143 365 INV
2 1 364 365 366 AND
1 1 366 367 INV
1 1 19 368 INV
2 1 51 368 369 AND
1 1 369 370 INV
2 1 367 370 371 AND
1 1 18 372 INV
2 1 141 372 373 AND
2 1 373 50 374 AND
1 1 374 375 INV
2 1 371 375 376 AND
1 1 376 377 INV
1 1 163 378 INV
2 1 377 378 379 AND
1 1 379 380 INV
2 1 355 380 381 AND
2 1 351 381 382 AND
1 1 382 383 INV
2 1 383 135 384 AND
1 1 384 385 INV
2 1 335 385 386 AND
2 1 86 386 387 AND
1 1 387 388 INV
2 1 56 24 389 XOR
2 1 388 389 390 AND
2 1 56 390 391 XOR
1 1 391 392 INV
2 1 24 56 393 XOR
2 1 388 393 394 AND
2 1 24 394 395 XOR
2 1 392 395 396 XOR
2 1 348 156 397 XOR
2 1 388 397 398 AND
2 1 348 398 399 XOR
1 1 399 400 INV
2 1 156 348 401 XOR
2 1 388 401 402 AND
2 1 156 402 403 XOR
2 1 400 403 404 XOR
2 1 400 403 405 AND
2 1 404 405 406 XOR
2 1 406 396 407 XOR
2 1 406 395 408 XOR
2 1 396 408 409 AND
2 1 395 409 410 XOR
2 1 90 87 411 XOR
2 1 388 411 412 AND
2 1 90 412 413 XOR
2 1 87 90 414 XOR
2 1 388 414 415 AND
2 1 87 415 416 XOR
1 1 416 417 INV
2 1 413 417 418 XOR
2 1 410 418 419 XOR
2 1 410 417 420 XOR
2 1 418 420 421 AND
2 1 417 421 422 XOR
2 1 100 115 423 XOR
2 1 388 423 424 AND
2 1 100 424 425 XOR
2 1 115 100 426 XOR
2 1 388 426 427 AND
2 1 115 427 428 XOR
1 1 428 429 INV
2 1 425 429 430 XOR
2 1 422 430 431 XOR
2 1 422 429 432 XOR
2 1 430 432 433 AND
2 1 429 433 434 XOR
2 1 103 111 435 XOR
2 1 388 435 436 AND
2 1 103 436 437 XOR
2 1 111 103 438 XOR
2 1 388 438 439 AND
2 1 111 439 440 XOR
1 1 440 441 INV
2 1 437 441 442 XOR
2 1 434 442 443 XOR
2 1 434 441 444 XOR
2 1 442 444 445 AND
2 1 441 445 446 XOR
2 1 123 75 447 XOR
2 1 388 447 448 AND
2 1 123 448 449 XOR
2 1 75 123 450 XOR
2 1 388 450 451 AND
2 1 75 451 452 XOR
1 1 452 453 INV
2 1 449 453 454 XOR
2 1 446 454 455 XOR
2 1 446 453 456 XOR
2 1 454 456 457 AND
2 1 453 457 458 XOR
2 1 71 68 459 XOR
2 1 388 459 460 AND
2 1 71 460 461 XOR
2 1 68 71 462 XOR
2 1 388 462 463 AND
2 1 68 463 464 XOR
1 1 464 465 INV
2 1 461 465 466 XOR
2 1 458 466 467 XOR
2 1 458 465 468 XOR
2 1 466 468 469 AND
2 1 465 469 470 XOR
1 1 62 471 INV
2 1 471 65 472 XOR
2 1 388 472 473 AND
2 1 471 473 474 XOR
2 1 471 65 475 AND
1 1 475 476 INV
2 1 474 476 477 XOR
2 1 470 477 478 XOR
2 1 31 64 479 XOR
2 1 388 479 480 AND
2 1 31 480 481 XOR
2 1 481 64 482 XOR
1 1 482 483 INV
2 1 481 31 484 XOR
1 1 484 485 INV
2 1 483 485 486 AND
1 1 388 487 INV
2 1 10 42 488 XOR
2 1 487 488 489 AND
2 1 10 489 490 XOR
2 1 403 400 491 XOR
1 1 491 492 INV
2 1 11 43 493 XOR
2 1 487 493 494 AND
2 1 11 494 495 XOR
2 1 490 495 496 XOR
2 1 492 496 497 AND
2 1 490 497 498 XOR
1 1 407 499 INV
2 1 41 9 500 XOR
2 1 388 500 501 AND
2 1 41 501 502 XOR
1 1 492 503 INV
2 1 8 40 504 XOR
2 1 487 504 505 AND
2 1 8 505 506 XOR
2 1 502 506 507 XOR
2 1 503 507 508 AND
2 1 502 508 509 XOR
2 1 498 509 510 XOR
2 1 499 510 511 AND
2 1 498 511 512 XOR
2 1 15 47 513 XOR
2 1 487 513 514 AND
2 1 15 514 515 XOR
2 1 14 46 516 XOR
2 1 487 516 517 AND
2 1 14 517 518 XOR
2 1 515 518 519 XOR
2 1 503 519 520 AND
2 1 515 520 521 XOR
2 1 45 13 522 XOR
2 1 388 522 523 AND
2 1 45 523 524 XOR
2 1 12 44 525 XOR
2 1 487 525 526 AND
2 1 12 526 527 XOR
2 1 524 527 528 XOR
2 1 503 528 529 AND
2 1 524 529 530 XOR
2 1 521 530 531 XOR
2 1 499 531 532 AND
2 1 521 532 533 XOR
2 1 512 533 534 XOR
2 1 419 534 535 AND
2 1 512 535 536 XOR
1 1 431 537 INV
2 1 7 39 538 XOR
2 1 487 538 539 AND
2 1 7 539 540 XOR
2 1 6 38 541 XOR
2 1 487 541 542 AND
2 1 6 542 543 XOR
2 1 540 543 544 XOR
2 1 503 544 545 AND
2 1 540 545 546 XOR
2 1 5 37 547 XOR
2 1 487 547 548 AND
2 1 5 548 549 XOR
2 1 4 36 550 XOR
2 1 487 550 551 AND
2 1 4 551 552 XOR
2 1 549 552 553 XOR
2 1 503 553 554 AND
2 1 549 554 555 XOR
2 1 546 555 556 XOR
2 1 499 556 557 AND
2 1 546 557 558 XOR
1 1 419 559 INV
2 1 284 305 560 XOR
2 1 388 560 561 AND
2 1 284 561 562 XOR
2 1 279 280 563 XOR
2 1 388 563 564 AND
2 1 279 564 565 XOR
2 1 562 565 566 XOR
2 1 492 566 567 AND
2 1 562 567 568 XOR
2 1 291 288 569 XOR
2 1 388 569 570 AND
2 1 291 570 571 XOR
2 1 32 0 572 XOR
2 1 388 572 573 AND
2 1 32 573 574 XOR
1 1 574 575 INV
2 1 571 575 576 XOR
2 1 503 576 577 AND
2 1 571 577 578 XOR
2 1 568 578 579 XOR
2 1 499 579 580 AND
2 1 568 580 581 XOR
1 1 581 582 INV
2 1 558 582 583 XOR
2 1 559 583 584 AND
2 1 558 584 585 XOR
2 1 536 585 586 XOR
2 1 537 586 587 AND
2 1 536 587 588 XOR
2 1 19 51 589 XOR
2 1 487 589 590 AND
2 1 19 590 591 XOR
2 1 18 50 592 XOR
2 1 487 592 593 AND
2 1 18 593 594 XOR
2 1 591 594 595 XOR
2 1 503 595 596 AND
2 1 591 596 597 XOR
2 1 49 17 598 XOR
2 1 388 598 599 AND
2 1 49 599 600 XOR
2 1 16 48 601 XOR
2 1 487 601 602 AND
2 1 16 602 603 XOR
2 1 600 603 604 XOR
2 1 503 604 605 AND
2 1 600 605 606 XOR
2 1 597 606 607 XOR
2 1 499 607 608 AND
2 1 597 608 609 XOR
2 1 53 21 610 XOR
2 1 388 610 611 AND
2 1 53 611 612 XOR
2 1 20 52 613 XOR
2 1 487 613 614 AND
2 1 20 614 615 XOR
2 1 612 615 616 XOR
2 1 503 616 617 AND
2 1 612 617 618 XOR
2 1 22 54 619 XOR
2 1 487 619 620 AND
2 1 22 620 621 XOR
2 1 621 492 622 XOR
2 1 621 492 623 AND
2 1 622 623 624 XOR
2 1 618 624 625 XOR
2 1 407 625 626 AND
2 1 618 626 627 XOR
2 1 609 627 628 XOR
2 1 419 628 629 AND
2 1 609 629 630 XOR
1 1 431 631 INV
2 1 630 631 632 AND
2 1 588 632 633 XOR
2 1 443 633 634 AND
2 1 588 634 635 XOR
2 1 478 467 636 XOR
2 1 478 467 637 AND
2 1 636 637 638 XOR
1 1 638 639 INV
1 1 455 640 INV
2 1 639 640 641 AND
2 1 635 641 642 AND
2 1 403 425 643 AND
2 1 413 449 644 AND
2 1 643 644 645 AND
2 1 437 474 646 AND
2 1 461 392 647 AND
2 1 646 647 648 AND
2 1 645 648 649 AND
1 1 649 650 INV
2 1 476 441 651 AND
2 1 651 395 652 AND
2 1 453 465 653 AND
2 1 429 417 654 AND
2 1 653 654 655 AND
2 1 652 655 656 AND
1 1 399 657 INV
2 1 656 657 658 AND
1 1 658 659 INV
2 1 650 659 660 AND
1 1 486 661 INV
1 1 661 662 INV
2 1 660 662 663 AND
1 1 663 664 INV
2 1 486 664 665 XOR
2 1 642 665 666 AND
2 1 486 666 667 XOR
2 1 660 486 668 XOR
2 1 660 486 669 AND
2 1 668 669 670 XOR
2 1 667 670 671 AND
1 1 671 672 INV
2 1 0 32 673 XOR
2 1 388 673 674 AND
2 1 0 674 675 XOR
2 1 672 675 676 XOR
1 1 443 677 INV
1 1 431 678 INV
2 1 559 678 679 AND
1 1 503 680 INV
2 1 407 680 681 AND
1 1 681 682 INV
2 1 679 682 683 AND
1 1 683 684 INV
1 1 684 685 INV
2 1 677 685 686 AND
1 1 686 687 INV
2 1 574 687 688 AND
1 1 688 689 INV
2 1 677 499 690 AND
1 1 690 691 INV
2 1 495 691 692 AND
1 1 692 693 INV
1 1 502 694 INV
2 1 693 694 695 AND
1 1 695 696 INV
2 1 559 677 697 AND
1 1 697 698 INV
2 1 443 431 699 XOR
2 1 443 431 700 AND
2 1 699 700 701 XOR
1 1 701 702 INV
1 1 702 703 INV
2 1 698 703 704 AND
2 1 696 704 705 AND
1 1 705 706 INV
2 1 689 706 707 AND
1 1 419 708 INV
2 1 702 708 709 AND
1 1 709 710 INV
1 1 571 711 INV
2 1 710 711 712 AND
1 1 712 713 INV
2 1 537 682 714 AND
1 1 714 715 INV
1 1 679 716 INV
2 1 715 716 717 AND
1 1 717 718 INV
2 1 677 718 719 AND
1 1 719 720 INV
2 1 720 552 721 AND
1 1 721 722 INV
2 1 713 722 723 AND
2 1 537 499 724 AND
1 1 724 725 INV
2 1 591 725 726 AND
1 1 726 727 INV
1 1 600 728 INV
2 1 727 728 729 AND
1 1 729 730 INV
1 1 679 731 INV
2 1 443 731 732 AND
2 1 730 732 733 AND
1 1 733 734 INV
2 1 723 734 735 AND
2 1 707 735 736 AND
2 1 499 559 737 AND
1 1 612 738 INV
2 1 737 738 739 AND
1 1 739 740 INV
2 1 431 740 741 AND
1 1 741 742 INV
1 1 524 743 INV
2 1 742 743 744 AND
2 1 684 603 745 AND
1 1 745 746 INV
1 1 718 747 INV
2 1 615 747 748 AND
1 1 748 749 INV
2 1 746 749 750 AND
2 1 744 750 751 AND
1 1 751 752 INV
2 1 443 752 753 AND
1 1 753 754 INV
2 1 503 499 755 AND
2 1 702 755 756 AND
1 1 756 757 INV
2 1 710 757 758 AND
1 1 562 759 INV
2 1 758 759 760 AND
1 1 760 761 INV
2 1 754 761 762 AND
2 1 559 690 763 AND
1 1 763 764 INV
2 1 703 764 765 AND
1 1 765 766 INV
1 1 766 767 INV
2 1 540 767 768 AND
1 1 768 769 INV
2 1 703 549 770 AND
1 1 770 771 INV
2 1 769 771 772 AND
1 1 565 773 INV
2 1 702 499 774 AND
1 1 774 775 INV
2 1 710 775 776 AND
2 1 773 776 777 AND
1 1 777 778 INV
2 1 772 778 779 AND
2 1 762 779 780 AND
2 1 736 780 781 AND
2 1 419 492 782 XOR
2 1 419 492 783 AND
2 1 782 783 784 XOR
1 1 784 785 INV
2 1 785 690 786 AND
1 1 786 787 INV
2 1 787 703 788 AND
2 1 788 543 789 AND
1 1 789 790 INV
2 1 677 785 791 AND
1 1 791 792 INV
2 1 506 792 793 AND
1 1 766 794 INV
2 1 793 794 795 AND
1 1 795 796 INV
2 1 790 796 797 AND
2 1 559 724 798 AND
1 1 798 799 INV
2 1 515 799 800 AND
2 1 443 800 801 AND
1 1 801 802 INV
2 1 704 527 803 AND
2 1 503 677 804 AND
1 1 804 805 INV
1 1 690 806 INV
2 1 805 806 807 AND
2 1 803 807 808 AND
1 1 808 809 INV
2 1 802 809 810 AND
2 1 503 690 811 AND
1 1 811 812 INV
2 1 490 812 813 AND
2 1 813 704 814 AND
1 1 814 815 INV
2 1 810 815 816 AND
2 1 797 816 817 AND
2 1 503 724 818 AND
1 1 818 819 INV
2 1 594 819 820 AND
2 1 820 732 821 AND
1 1 821 822 INV
2 1 431 443 823 AND
1 1 785 824 INV
2 1 621 824 825 AND
2 1 823 825 826 AND
1 1 826 827 INV
2 1 822 827 828 AND
2 1 785 724 829 AND
1 1 829 830 INV
2 1 518 830 831 AND
2 1 443 831 832 AND
1 1 832 833 INV
2 1 828 833 834 AND
2 1 834 641 835 AND
2 1 817 835 836 AND
2 1 781 836 837 AND
1 1 837 838 INV
2 1 838 660 839 AND
1 1 839 840 INV
2 1 840 486 841 XOR
2 1 661 841 842 AND
2 1 530 498 843 XOR
2 1 499 843 844 AND
2 1 530 844 845 XOR
2 1 509 546 846 XOR
2 1 499 846 847 AND
2 1 509 847 848 XOR
2 1 845 848 849 XOR
2 1 559 849 850 AND
2 1 845 850 851 XOR
1 1 568 852 INV
2 1 852 555 853 XOR
2 1 407 853 854 AND
2 1 852 854 855 XOR
1 1 578 856 INV
2 1 407 856 857 AND
2 1 855 857 858 XOR
2 1 559 858 859 AND
2 1 855 859 860 XOR
2 1 851 860 861 XOR
2 1 537 861 862 AND
2 1 851 862 863 XOR
2 1 618 597 864 XOR
2 1 499 864 865 AND
2 1 618 865 866 XOR
2 1 606 521 867 XOR
2 1 499 867 868 AND
2 1 606 868 869 XOR
2 1 866 869 870 XOR
2 1 559 870 871 AND
2 1 866 871 872 XOR
2 1 624 499 873 AND
1 1 419 874 INV
2 1 873 874 875 AND
2 1 872 875 876 XOR
2 1 431 876 877 AND
2 1 872 877 878 XOR
2 1 863 878 879 XOR
2 1 443 879 880 AND
2 1 863 880 881 XOR
2 1 881 641 882 AND
2 1 486 664 883 XOR
2 1 882 883 884 AND
2 1 486 884 885 XOR
2 1 885 670 886 AND
1 1 886 887 INV
2 1 842 887 888 AND
2 1 502 490 889 XOR
2 1 492 889 890 AND
2 1 502 890 891 XOR
2 1 506 540 892 XOR
2 1 503 892 893 AND
2 1 506 893 894 XOR
2 1 891 894 895 XOR
2 1 499 895 896 AND
2 1 891 896 897 XOR
2 1 524 518 898 XOR
2 1 492 898 899 AND
2 1 524 899 900 XOR
2 1 495 527 901 XOR
2 1 492 901 902 AND
2 1 495 902 903 XOR
2 1 900 903 904 XOR
2 1 499 904 905 AND
2 1 900 905 906 XOR
2 1 897 906 907 XOR
2 1 419 907 908 AND
2 1 897 908 909 XOR
2 1 562 571 910 XOR
2 1 503 910 911 AND
2 1 562 911 912 XOR
1 1 912 913 INV
2 1 492 574 914 AND
2 1 913 914 915 XOR
2 1 499 915 916 AND
2 1 913 916 917 XOR
2 1 543 549 918 XOR
2 1 503 918 919 AND
2 1 543 919 920 XOR
2 1 552 773 921 XOR
2 1 503 921 922 AND
2 1 552 922 923 XOR
2 1 920 923 924 XOR
2 1 499 924 925 AND
2 1 920 925 926 XOR
2 1 917 926 927 XOR
2 1 419 927 928 AND
2 1 917 928 929 XOR
2 1 909 929 930 XOR
2 1 537 930 931 AND
2 1 909 931 932 XOR
2 1 621 612 933 XOR
2 1 503 933 934 AND
2 1 621 934 935 XOR
2 1 591 615 936 XOR
2 1 492 936 937 AND
2 1 591 937 938 XOR
2 1 935 938 939 XOR
2 1 499 939 940 AND
2 1 935 940 941 XOR
2 1 594 600 942 XOR
2 1 503 942 943 AND
2 1 594 943 944 XOR
2 1 603 515 945 XOR
2 1 503 945 946 AND
2 1 603 946 947 XOR
2 1 944 947 948 XOR
2 1 499 948 949 AND
2 1 944 949 950 XOR
2 1 941 950 951 XOR
2 1 559 951 952 AND
2 1 941 952 953 XOR
2 1 503 499 954 AND
1 1 954 955 INV
2 1 419 955 956 XOR
2 1 419 955 957 AND
2 1 956 957 958 XOR
1 1 958 959 INV
2 1 953 959 960 XOR
2 1 431 960 961 AND
2 1 953 961 962 XOR
2 1 932 962 963 XOR
2 1 443 963 964 AND
2 1 932 964 965 XOR
2 1 965 641 966 AND
2 1 486 664 967 XOR
2 1 966 967 968 AND
2 1 486 968 969 XOR
2 1 969 670 970 AND
1 1 970 971 INV
2 1 888 971 972 AND
2 1 972 676 973 XOR
2 1 972 675 974 XOR
2 1 676 974 975 AND
2 1 675 975 976 XOR
2 1 903 891 977 XOR
2 1 499 977 978 AND
2 1 903 978 979 XOR
2 1 947 900 980 XOR
2 1 499 980 981 AND
2 1 947 981 982 XOR
2 1 979 982 983 XOR
2 1 419 983 984 AND
2 1 979 984 985 XOR
2 1 894 920 986 XOR
2 1 499 986 987 AND
2 1 894 987 988 XOR
2 1 913 923 989 XOR
2 1 407 989 990 AND
2 1 913 990 991 XOR
2 1 988 991 992 XOR
2 1 559 992 993 AND
2 1 988 993 994 XOR
2 1 985 994 995 XOR
2 1 537 995 996 AND
2 1 985 996 997 XOR
2 1 503 935 998 XOR
2 1 499 998 999 AND
2 1 503 999 1000 XOR
2 1 938 944 1001 XOR
2 1 499 1001 1002 AND
2 1 938 1002 1003 XOR
2 1 1000 1003 1004 XOR
2 1 559 1004 1005 AND
2 1 1000 1005 1006 XOR
1 1 431 1007 INV
2 1 1006 1007 1008 AND
2 1 997 1008 1009 XOR
2 1 443 1009 1010 AND
2 1 997 1010 1011 XOR
2 1 1011 641 1012 AND
2 1 486 664 1013 XOR
2 1 1012 1013 1014 AND
2 1 486 1014 1015 XOR
2 1 1015 670 1016 AND
1 1 1016 1017 INV
2 1 33 1 1018 XOR
2 1 487 1018 1019 AND
2 1 33 1019 1020 XOR
2 1 1017 1020 1021 XOR
2 1 976 1021 1022 XOR
2 1 976 1020 1023 XOR
2 1 1021 1023 1024 AND
2 1 1020 1024 1025 XOR
2 1 845 869 1026 XOR
2 1 419 1026 1027 AND
2 1 845 1027 1028 XOR
2 1 855 848 1029 XOR
2 1 419 1029 1030 AND
2 1 855 1030 1031 XOR
2 1 1028 1031 1032 XOR
2 1 537 1032 1033 AND
2 1 1028 1033 1034 XOR
2 1 866 873 1035 XOR
2 1 419 1035 1036 AND
2 1 866 1036 1037 XOR
1 1 431 1038 INV
2 1 1037 1038 1039 AND
2 1 1034 1039 1040 XOR
2 1 443 1040 1041 AND
2 1 1034 1041 1042 XOR
2 1 1042 641 1043 AND
2 1 486 664 1044 XOR
2 1 1043 1044 1045 AND
2 1 486 1045 1046 XOR
2 1 1046 670 1047 AND
1 1 1047 1048 INV
2 1 34 2 1049 XOR
2 1 487 1049 1050 AND
2 1 34 1050 1051 XOR
2 1 1048 1051 1052 XOR
2 1 1025 1052 1053 XOR
2 1 1025 1051 1054 XOR
2 1 1052 1054 1055 AND
2 1 1051 1055 1056 XOR
1 1 941 1057 INV
2 1 955 1057 1058 XOR
2 1 559 1058 1059 AND
2 1 955 1059 1060 XOR
2 1 1060 431 1061 XOR
2 1 1060 431 1062 AND
2 1 1061 1062 1063 XOR
2 1 950 906 1064 XOR
2 1 559 1064 1065 AND
2 1 950 1065 1066 XOR
2 1 926 897 1067 XOR
2 1 419 1067 1068 AND
2 1 926 1068 1069 XOR
2 1 1066 1069 1070 XOR
2 1 537 1070 1071 AND
2 1 1066 1071 1072 XOR
1 1 1072 1073 INV
2 1 1063 1073 1074 XOR
2 1 677 1074 1075 AND
2 1 1063 1075 1076 XOR
1 1 1076 1077 INV
2 1 641 1077 1078 AND
2 1 486 664 1079 XOR
2 1 1078 1079 1080 AND
2 1 486 1080 1081 XOR
2 1 1081 670 1082 AND
1 1 1082 1083 INV
2 1 35 3 1084 XOR
2 1 487 1084 1085 AND
2 1 35 1085 1086 XOR
2 1 1083 1086 1087 XOR
2 1 1056 1087 1088 XOR
2 1 1056 1086 1089 XOR
2 1 1087 1089 1090 AND
2 1 1086 1090 1091 XOR
2 1 533 609 1092 XOR
2 1 419 1092 1093 AND
2 1 533 1093 1094 XOR
2 1 558 512 1095 XOR
2 1 419 1095 1096 AND
2 1 558 1096 1097 XOR
2 1 1094 1097 1098 XOR
2 1 537 1098 1099 AND
2 1 1094 1099 1100 XOR
2 1 627 559 1101 AND
1 1 431 1102 INV
2 1 1101 1102 1103 AND
2 1 1100 1103 1104 XOR
2 1 443 1104 1105 AND
2 1 1100 1105 1106 XOR
2 1 1106 641 1107 AND
2 1 486 664 1108 XOR
2 1 1107 1108 1109 AND
2 1 486 1109 1110 XOR
2 1 1110 670 1111 AND
1 1 1111 1112 INV
2 1 36 4 1113 XOR
2 1 487 1113 1114 AND
2 1 36 1114 1115 XOR
2 1 1112 1115 1116 XOR
2 1 1091 1116 1117 XOR
2 1 1091 1115 1118 XOR
2 1 1116 1118 1119 AND
2 1 1115 1119 1120 XOR
2 1 982 1003 1121 XOR
2 1 419 1121 1122 AND
2 1 982 1122 1123 XOR
2 1 988 979 1124 XOR
2 1 419 1124 1125 AND
2 1 988 1125 1126 XOR
2 1 1123 1126 1127 XOR
2 1 537 1127 1128 AND
2 1 1123 1128 1129 XOR
1 1 419 1130 INV
2 1 1000 1130 1131 AND
1 1 431 1132 INV
2 1 1131 1132 1133 AND
2 1 1129 1133 1134 XOR
2 1 443 1134 1135 AND
2 1 1129 1135 1136 XOR
2 1 1136 641 1137 AND
2 1 486 664 1138 XOR
2 1 1137 1138 1139 AND
2 1 486 1139 1140 XOR
2 1 1140 670 1141 AND
1 1 1141 1142 INV
2 1 37 5 1143 XOR
2 1 487 1143 1144 AND
2 1 37 1144 1145 XOR
2 1 1142 1145 1146 XOR
2 1 1120 1146 1147 XOR
2 1 1120 1145 1148 XOR
2 1 1146 1148 1149 AND
2 1 1145 1149 1150 XOR
2 1 537 875 1151 AND
1 1 1151 1152 INV
2 1 851 872 1153 XOR
2 1 431 1153 1154 AND
2 1 851 1154 1155 XOR
1 1 1155 1156 INV
2 1 1152 1156 1157 XOR
2 1 677 1157 1158 AND
2 1 1152 1158 1159 XOR
1 1 1159 1160 INV
2 1 641 1160 1161 AND
2 1 486 664 1162 XOR
2 1 1161 1162 1163 AND
2 1 486 1163 1164 XOR
2 1 1164 670 1165 AND
1 1 1165 1166 INV
2 1 38 6 1167 XOR
2 1 487 1167 1168 AND
2 1 38 1168 1169 XOR
2 1 1166 1169 1170 XOR
2 1 1150 1170 1171 XOR
2 1 1150 1169 1172 XOR
2 1 1170 1172 1173 AND
2 1 1169 1173 1174 XOR
2 1 953 909 1175 XOR
2 1 537 1175 1176 AND
2 1 953 1176 1177 XOR
2 1 959 537 1178 AND
2 1 1177 1178 1179 XOR
2 1 443 1179 1180 AND
2 1 1177 1180 1181 XOR
2 1 1181 641 1182 AND
2 1 486 664 1183 XOR
2 1 1182 1183 1184 AND
2 1 486 1184 1185 XOR
2 1 1185 670 1186 AND
1 1 1186 1187 INV
2 1 39 7 1188 XOR
2 1 487 1188 1189 AND
2 1 39 1189 1190 XOR
2 1 1187 1190 1191 XOR
2 1 1174 1191 1192 XOR
2 1 1174 1190 1193 XOR
2 1 1191 1193 1194 AND
2 1 1190 1194 1195 XOR
2 1 630 536 1196 XOR
2 1 537 1196 1197 AND
2 1 630 1197 1198 XOR
2 1 641 677 1199 AND
2 1 1198 1199 1200 AND
2 1 486 664 1201 XOR
2 1 1200 1201 1202 AND
2 1 486 1202 1203 XOR
2 1 1203 670 1204 AND
1 1 1204 1205 INV
2 1 40 8 1206 XOR
2 1 487 1206 1207 AND
2 1 40 1207 1208 XOR
2 1 1205 1208 1209 XOR
2 1 1195 1209 1210 XOR
2 1 1195 1208 1211 XOR
2 1 1209 1211 1212 AND
2 1 1208 1212 1213 XOR
2 1 1006 985 1214 XOR
2 1 537 1214 1215 AND
2 1 1006 1215 1216 XOR
2 1 1216 1199 1217 AND
2 1 486 664 1218 XOR
2 1 1217 1218 1219 AND
2 1 486 1219 1220 XOR
2 1 1220 670 1221 AND
1 1 1221 1222 INV
2 1 41 9 1223 XOR
2 1 487 1223 1224 AND
2 1 41 1224 1225 XOR
2 1 1222 1225 1226 XOR
2 1 1213 1226 1227 XOR
2 1 1213 1225 1228 XOR
2 1 1226 1228 1229 AND
2 1 1225 1229 1230 XOR
2 1 1037 1028 1231 XOR
2 1 537 1231 1232 AND
2 1 1037 1232 1233 XOR
2 1 1233 1199 1234 AND
2 1 486 664 1235 XOR
2 1 1234 1235 1236 AND
2 1 486 1236 1237 XOR
2 1 1237 670 1238 AND
1 1 1238 1239 INV
2 1 10 42 1240 XOR
2 1 388 1240 1241 AND
2 1 10 1241 1242 XOR
2 1 1239 1242 1243 XOR
2 1 1230 1243 1244 XOR
2 1 1230 1242 1245 XOR
2 1 1243 1245 1246 AND
2 1 1242 1246 1247 XOR
1 1 1066 1248 INV
2 1 1248 1060 1249 XOR
2 1 431 1249 1250 AND
2 1 1248 1250 1251 XOR
1 1 1251 1252 INV
2 1 1199 1252 1253 AND
2 1 486 664 1254 XOR
2 1 1253 1254 1255 AND
2 1 486 1255 1256 XOR
2 1 1256 670 1257 AND
1 1 1257 1258 INV
2 1 11 43 1259 XOR
2 1 388 1259 1260 AND
2 1 11 1260 1261 XOR
2 1 1258 1261 1262 XOR
2 1 1247 1262 1263 XOR
2 1 1247 1261 1264 XOR
2 1 1262 1264 1265 AND
2 1 1261 1265 1266 XOR
2 1 1094 1101 1267 XOR
2 1 431 1267 1268 AND
2 1 1094 1268 1269 XOR
2 1 1199 1269 1270 AND
2 1 486 664 1271 XOR
2 1 1270 1271 1272 AND
2 1 486 1272 1273 XOR
2 1 1273 670 1274 AND
1 1 1274 1275 INV
2 1 12 44 1276 XOR
2 1 388 1276 1277 AND
2 1 12 1277 1278 XOR
2 1 1275 1278 1279 XOR
2 1 1266 1279 1280 XOR
2 1 1266 1278 1281 XOR
2 1 1279 1281 1282 AND
2 1 1278 1282 1283 XOR
2 1 1131 1123 1284 XOR
2 1 537 1284 1285 AND
2 1 1131 1285 1286 XOR
2 1 1286 1199 1287 AND
2 1 486 664 1288 XOR
2 1 1287 1288 1289 AND
2 1 486 1289 1290 XOR
2 1 1290 670 1291 AND
1 1 1291 1292 INV
2 1 13 45 1293 XOR
2 1 388 1293 1294 AND
2 1 13 1294 1295 XOR
2 1 1292 1295 1296 XOR
2 1 1283 1296 1297 XOR
2 1 1283 1295 1298 XOR
2 1 1296 1298 1299 AND
2 1 1295 1299 1300 XOR
2 1 878 677 1301 AND
2 1 1301 641 1302 AND
2 1 486 664 1303 XOR
2 1 1302 1303 1304 AND
2 1 486 1304 1305 XOR
2 1 1305 670 1306 AND
1 1 1306 1307 INV
2 1 14 46 1308 XOR
2 1 388 1308 1309 AND
2 1 14 1309 1310 XOR
2 1 1307 1310 1311 XOR
2 1 1300 1311 1312 XOR
2 1 1300 1310 1313 XOR
2 1 1311 1313 1314 AND
2 1 1310 1314 1315 XOR
2 1 677 641 1316 AND
2 1 1316 962 1317 AND
2 1 486 664 1318 XOR
2 1 1317 1318 1319 AND
2 1 486 1319 1320 XOR
2 1 1320 670 1321 AND
1 1 1321 1322 INV
2 1 47 15 1323 XOR
2 1 487 1323 1324 AND
2 1 47 1324 1325 XOR
2 1 1322 1325 1326 XOR
2 1 1315 1326 1327 XOR
2 1 1315 1325 1328 XOR
2 1 1326 1328 1329 AND
2 1 1325 1329 1330 XOR
2 1 1199 632 1331 AND
2 1 486 664 1332 XOR
2 1 1331 1332 1333 AND
2 1 486 1333 1334 XOR
2 1 1334 670 1335 AND
1 1 1335 1336 INV
2 1 48 16 1337 XOR
2 1 487 1337 1338 AND
2 1 48 1338 1339 XOR
2 1 1336 1339 1340 XOR
2 1 1330 1340 1341 XOR
2 1 1330 1339 1342 XOR
2 1 1340 1342 1343 AND
2 1 1339 1343 1344 XOR
2 1 1199 1008 1345 AND
2 1 486 664 1346 XOR
2 1 1345 1346 1347 AND
2 1 486 1347 1348 XOR
2 1 1348 670 1349 AND
1 1 1349 1350 INV
2 1 49 17 1351 XOR
2 1 487 1351 1352 AND
2 1 49 1352 1353 XOR
2 1 1350 1353 1354 XOR
2 1 1344 1354 1355 XOR
2 1 1344 1353 1356 XOR
2 1 1354 1356 1357 AND
2 1 1353 1357 1358 XOR
2 1 1199 1039 1359 AND
2 1 486 664 1360 XOR
2 1 1359 1360 1361 AND
2 1 486 1361 1362 XOR
2 1 1362 670 1363 AND
1 1 1363 1364 INV
2 1 50 18 1365 XOR
2 1 487 1365 1366 AND
2 1 50 1366 1367 XOR
2 1 1364 1367 1368 XOR
2 1 1358 1368 1369 XOR
2 1 1358 1367 1370 XOR
2 1 1368 1370 1371 AND
2 1 1367 1371 1372 XOR
1 1 1063 1373 INV
2 1 1199 1373 1374 AND
2 1 486 664 1375 XOR
2 1 1374 1375 1376 AND
2 1 486 1376 1377 XOR
2 1 1377 670 1378 AND
1 1 1378 1379 INV
2 1 51 19 1380 XOR
2 1 487 1380 1381 AND
2 1 51 1381 1382 XOR
2 1 1379 1382 1383 XOR
2 1 1372 1383 1384 XOR
2 1 1372 1382 1385 XOR
2 1 1383 1385 1386 AND
2 1 1382 1386 1387 XOR
2 1 1199 1103 1388 AND
2 1 486 664 1389 XOR
2 1 1388 1389 1390 AND
2 1 486 1390 1391 XOR
2 1 1391 670 1392 AND
1 1 1392 1393 INV
2 1 52 20 1394 XOR
2 1 487 1394 1395 AND
2 1 52 1395 1396 XOR
2 1 1393 1396 1397 XOR
2 1 1387 1397 1398 XOR
2 1 1387 1396 1399 XOR
2 1 1397 1399 1400 AND
2 1 1396 1400 1401 XOR
2 1 1199 1133 1402 AND
2 1 486 664 1403 XOR
2 1 1402 1403 1404 AND
2 1 486 1404 1405 XOR
2 1 1405 670 1406 AND
1 1 1406 1407 INV
2 1 53 21 1408 XOR
2 1 487 1408 1409 AND
2 1 53 1409 1410 XOR
2 1 1407 1410 1411 XOR
2 1 1401 1411 1412 XOR
2 1 1401 1410 1413 XOR
2 1 1411 1413 1414 AND
2 1 1410 1414 1415 XOR
1 1 1152 1416 INV
2 1 1199 1416 1417 AND
2 1 486 664 1418 XOR
2 1 1417 1418 1419 AND
2 1 486 1419 1420 XOR
2 1 1420 670 1421 AND
1 1 1421 1422 INV
2 1 54 22 1423 XOR
2 1 487 1423 1424 AND
2 1 54 1424 1425 XOR
2 1 1422 1425 1426 XOR
2 1 1415 1426 1427 XOR
2 1 1415 1425 1428 XOR
2 1 1426 1428 1429 AND
2 1 1425 1429 1430 XOR
1 1 1297 1431 INV
1 1 1312 1432 INV
2 1 1431 1432 1433 AND
1 1 1327 1434 INV
1 1 1341 1435 INV
2 1 1434 1435 1436 AND
2 1 1433 1436 1437 AND
2 1 1280 1263 1438 XOR
2 1 1280 1263 1439 AND
2 1 1438 1439 1440 XOR
2 1 1227 1244 1441 XOR
2 1 1227 1244 1442 AND
2 1 1441 1442 1443 XOR
2 1 1440 1443 1444 XOR
2 1 1440 1443 1445 AND
2 1 1444 1445 1446 XOR
1 1 1446 1447 INV
2 1 1437 1447 1448 AND
1 1 1384 1449 INV
1 1 1398 1450 INV
2 1 1449 1450 1451 AND
2 1 1199 1178 1452 AND
2 1 486 664 1453 XOR
2 1 1452 1453 1454 AND
2 1 486 1454 1455 XOR
2 1 1455 670 1456 AND
1 1 1456 1457 INV
2 1 1457 1430 1458 XOR
1 1 1458 1459 INV
1 1 1459 1460 INV
2 1 1430 1457 1461 XOR
2 1 1430 1457 1462 AND
2 1 1461 1462 1463 XOR
2 1 661 1463 1464 XOR
1 1 1464 1465 INV
2 1 1460 1465 1466 AND
1 1 1466 1467 INV
1 1 1467 1468 INV
2 1 1451 1468 1469 AND
1 1 1369 1470 INV
1 1 1355 1471 INV
2 1 1470 1471 1472 AND
1 1 1472 1473 INV
1 1 1473 1474 INV
2 1 1469 1474 1475 AND
1 1 1412 1476 INV
1 1 1427 1477 INV
2 1 1476 1477 1478 AND
2 1 1475 1478 1479 AND
1 1 1479 1480 INV
1 1 1480 1481 INV
2 1 1448 1481 1482 AND
1 1 1482 1483 INV
2 1 1022 1053 1484 XOR
2 1 1022 1053 1485 AND
2 1 1484 1485 1486 XOR
1 1 1486 1487 INV
2 1 1088 1117 1488 XOR
2 1 1088 1117 1489 AND
2 1 1488 1489 1490 XOR
1 1 1490 1491 INV
2 1 1487 1491 1492 AND
2 1 1210 1192 1493 XOR
2 1 1210 1192 1494 AND
2 1 1493 1494 1495 XOR
1 1 1495 1496 INV
2 1 1147 1171 1497 XOR
2 1 1147 1171 1498 AND
2 1 1497 1498 1499 XOR
1 1 1499 1500 INV
2 1 1496 1500 1501 AND
1 1 1501 1502 INV
1 1 1502 1503 INV
2 1 1492 1503 1504 AND
1 1 1504 1505 INV
1 1 1446 1506 INV
2 1 1505 1506 1507 AND
2 1 1507 1437 1508 AND
1 1 1508 1509 INV
1 1 1480 1510 INV
2 1 1509 1510 1511 AND
1 1 1511 1512 INV
2 1 887 842 1513 XOR
1 1 1427 1514 INV
1 1 1398 1515 INV
1 1 1312 1516 INV
2 1 971 888 1517 XOR
1 1 1517 1518 INV
2 1 1513 1518 1519 AND
1 1 1519 1520 INV
1 1 973 1521 INV
2 1 1520 1521 1522 AND
1 1 1522 1523 INV
1 1 1022 1524 INV
2 1 1523 1524 1525 AND
1 1 1525 1526 INV
1 1 1053 1527 INV
2 1 1526 1527 1528 AND
1 1 1528 1529 INV
1 1 1088 1530 INV
2 1 1529 1530 1531 AND
1 1 1531 1532 INV
1 1 1117 1533 INV
2 1 1532 1533 1534 AND
1 1 1534 1535 INV
1 1 1147 1536 INV
2 1 1535 1536 1537 AND
1 1 1537 1538 INV
1 1 1171 1539 INV
2 1 1538 1539 1540 AND
1 1 1540 1541 INV
1 1 1192 1542 INV
2 1 1541 1542 1543 AND
1 1 1543 1544 INV
1 1 1210 1545 INV
2 1 1544 1545 1546 AND
1 1 1546 1547 INV
1 1 1227 1548 INV
2 1 1547 1548 1549 AND
1 1 1549 1550 INV
1 1 1244 1551 INV
2 1 1550 1551 1552 AND
1 1 1552 1553 INV
1 1 1263 1554 INV
2 1 1553 1554 1555 AND
1 1 1555 1556 INV
1 1 1280 1557 INV
2 1 1556 1557 1558 AND
1 1 1558 1559 INV
2 1 1431 1559 1560 AND
1 1 1560 1561 INV
2 1 1516 1561 1562 AND
1 1 1562 1563 INV
2 1 1434 1563 1564 AND
1 1 1564 1565 INV
2 1 1435 1565 1566 AND
1 1 1566 1567 INV
2 1 1471 1567 1568 AND
1 1 1568 1569 INV
2 1 1470 1569 1570 AND
1 1 1570 1571 INV
2 1 1449 1571 1572 AND
1 1 1572 1573 INV
2 1 1515 1573 1574 AND
1 1 1574 1575 INV
2 1 1476 1575 1576 AND
1 1 1576 1577 INV
2 1 1514 1577 1578 AND
1 1 1578 1579 INV
2 1 1460 1579 1580 AND
1 1 1580 1581 INV
1 1 1464 1582 INV
2 1 1581 1582 1583 AND
1 1 1583 1584 INV
1 1 1584 1585 INV
1 1 1585 1586 INV
2 1 1513 1586 1587 AND
2 1 1478 1467 1588 XOR
2 1 1478 1467 1589 AND
2 1 1588 1589 1590 XOR
2 1 973 1517 1591 XOR
2 1 973 1517 1592 AND
2 1 1591 1592 1593 XOR
2 1 1593 1487 1594 AND
1 1 1594 1595 INV
2 1 1595 1491 1596 AND
1 1 1596 1597 INV
2 1 1500 1597 1598 AND
1 1 1598 1599 INV
2 1 1496 1599 1600 AND
1 1 1600 1601 INV
1 1 1443 1602 INV
2 1 1601 1602 1603 AND
1 1 1603 1604 INV
1 1 1440 1605 INV
2 1 1604 1605 1606 AND
1 1 1606 1607 INV
2 1 1607 1433 1608 AND
1 1 1608 1609 INV
2 1 1609 1436 1610 AND
1 1 1610 1611 INV
1 1 1473 1612 INV
2 1 1611 1612 1613 AND
1 1 1613 1614 INV
2 1 1614 1469 1615 AND
1 1 1615 1616 INV
2 1 1590 1616 1617 AND
2 1 1587 1617 1618 AND
2 1 1492 1502 1619 XOR
2 1 1492 1502 1620 AND
2 1 1619 1620 1621 XOR
1 1 1446 1622 INV
2 1 1621 1622 1623 AND
1 1 1623 1624 INV
2 1 1624 1437 1625 AND
1 1 1625 1626 INV
2 1 1451 1626 1627 AND
1 1 1473 1628 INV
2 1 1627 1628 1629 AND
1 1 1629 1630 INV
1 1 1467 1631 INV
2 1 1630 1631 1632 AND
2 1 1478 1632 1633 AND
1 1 1633 1634 INV
2 1 973 1517 1635 XOR
2 1 1585 1635 1636 AND
2 1 973 1636 1637 XOR
2 1 1022 1053 1638 XOR
2 1 1584 1638 1639 AND
2 1 1022 1639 1640 XOR
2 1 1637 1640 1641 XOR
2 1 1617 1641 1642 AND
2 1 1637 1642 1643 XOR
2 1 1618 1643 1644 XOR
2 1 1634 1644 1645 AND
2 1 1618 1645 1646 XOR
2 1 1512 1646 1647 AND
1 1 1647 1648 INV
1 1 1648 1649 INV
2 1 1483 1649 1650 AND
1 1 1483 1651 INV
2 1 1513 1517 1652 XOR
2 1 1584 1652 1653 AND
2 1 1513 1653 1654 XOR
2 1 1022 973 1655 XOR
2 1 1585 1655 1656 AND
2 1 1022 1656 1657 XOR
2 1 1654 1657 1658 XOR
2 1 1617 1658 1659 AND
2 1 1654 1659 1660 XOR
2 1 1634 1660 1661 AND
1 1 1661 1662 INV
1 1 1662 1663 INV
2 1 1512 1663 1664 AND
1 1 1664 1665 INV
2 1 1651 1665 1666 XOR
2 1 1651 1665 1667 AND
2 1 1666 1667 1668 XOR
1 1 1668 1669 INV
2 1 1650 1669 1670 XOR
2 1 1650 1669 1671 AND
2 1 1053 1088 1672 XOR
2 1 1584 1672 1673 AND
2 1 1053 1673 1674 XOR
1 1 1617 1675 INV
2 1 1674 1657 1676 XOR
2 1 1675 1676 1677 AND
2 1 1674 1677 1678 XOR
1 1 1675 1679 INV
2 1 1654 1679 1680 AND
2 1 1678 1680 1681 XOR
2 1 1633 1681 1682 AND
2 1 1678 1682 1683 XOR
2 1 1512 1683 1684 AND
1 1 1684 1685 INV
1 1 1685 1686 INV
2 1 1483 1686 1687 AND
2 1 1687 1671 1688 XOR
2 1 1687 1671 1689 AND
2 1 1117 1088 1690 XOR
2 1 1585 1690 1691 AND
2 1 1117 1691 1692 XOR
2 1 1692 1640 1693 XOR
2 1 1675 1693 1694 AND
2 1 1692 1694 1695 XOR
2 1 1587 1637 1696 XOR
2 1 1617 1696 1697 AND
2 1 1587 1697 1698 XOR
2 1 1695 1698 1699 XOR
2 1 1633 1699 1700 AND
2 1 1695 1700 1701 XOR
2 1 1512 1701 1702 AND
1 1 1702 1703 INV
1 1 1703 1704 INV
2 1 1483 1704 1705 AND
2 1 1705 1689 1706 XOR
2 1 1705 1689 1707 AND
2 1 1117 1147 1708 XOR
2 1 1584 1708 1709 AND
2 1 1117 1709 1710 XOR
2 1 1674 1710 1711 XOR
2 1 1617 1711 1712 AND
2 1 1674 1712 1713 XOR
2 1 1713 1660 1714 XOR
2 1 1633 1714 1715 AND
2 1 1713 1715 1716 XOR
2 1 1512 1716 1717 AND
1 1 1717 1718 INV
1 1 1718 1719 INV
2 1 1483 1719 1720 AND
2 1 1720 1707 1721 XOR
2 1 1720 1707 1722 AND
2 1 1634 1618 1723 AND
1 1 1723 1724 INV
2 1 1147 1171 1725 XOR
2 1 1584 1725 1726 AND
2 1 1147 1726 1727 XOR
2 1 1727 1692 1728 XOR
2 1 1675 1728 1729 AND
2 1 1727 1729 1730 XOR
2 1 1643 1730 1731 XOR
2 1 1634 1731 1732 AND
2 1 1643 1732 1733 XOR
1 1 1733 1734 INV
2 1 1724 1734 1735 XOR
2 1 1512 1735 1736 AND
2 1 1724 1736 1737 XOR
2 1 1651 1737 1738 XOR
2 1 1651 1737 1739 AND
2 1 1738 1739 1740 XOR
1 1 1740 1741 INV
2 1 1741 1722 1742 XOR
2 1 1741 1722 1743 AND
2 1 1634 1680 1744 AND
1 1 1744 1745 INV
2 1 1171 1192 1746 XOR
2 1 1584 1746 1747 AND
2 1 1171 1747 1748 XOR
2 1 1748 1710 1749 XOR
2 1 1675 1749 1750 AND
2 1 1748 1750 1751 XOR
2 1 1678 1751 1752 XOR
2 1 1634 1752 1753 AND
2 1 1678 1753 1754 XOR
1 1 1754 1755 INV
2 1 1745 1755 1756 XOR
2 1 1512 1756 1757 AND
2 1 1745 1757 1758 XOR
2 1 1651 1758 1759 XOR
2 1 1651 1758 1760 AND
2 1 1759 1760 1761 XOR
1 1 1761 1762 INV
2 1 1762 1743 1763 XOR
2 1 1762 1743 1764 AND
2 1 1192 1210 1765 XOR
2 1 1584 1765 1766 AND
2 1 1192 1766 1767 XOR
2 1 1727 1767 1768 XOR
2 1 1617 1768 1769 AND
2 1 1727 1769 1770 XOR
2 1 1695 1770 1771 XOR
2 1 1634 1771 1772 AND
2 1 1695 1772 1773 XOR
2 1 1698 1634 1774 AND
2 1 1773 1774 1775 XOR
2 1 1511 1775 1776 AND
2 1 1773 1776 1777 XOR
2 1 1777 1483 1778 AND
2 1 1778 1764 1779 XOR
2 1 1778 1764 1780 AND
2 1 1227 1210 1781 XOR
2 1 1585 1781 1782 AND
2 1 1227 1782 1783 XOR
2 1 1783 1748 1784 XOR
2 1 1675 1784 1785 AND
2 1 1783 1785 1786 XOR
2 1 1713 1786 1787 XOR
2 1 1634 1787 1788 AND
2 1 1713 1788 1789 XOR
1 1 1789 1790 INV
2 1 1662 1790 1791 XOR
2 1 1512 1791 1792 AND
2 1 1662 1792 1793 XOR
1 1 1793 1794 INV
2 1 1794 1780 1795 XOR
2 1 1794 1780 1796 AND
2 1 1227 1244 1797 XOR
2 1 1584 1797 1798 AND
2 1 1227 1798 1799 XOR
2 1 1767 1799 1800 XOR
2 1 1617 1800 1801 AND
2 1 1767 1801 1802 XOR
2 1 1730 1802 1803 XOR
2 1 1634 1803 1804 AND
2 1 1730 1804 1805 XOR
2 1 1805 1646 1806 XOR
2 1 1511 1806 1807 AND
2 1 1805 1807 1808 XOR
2 1 1808 1796 1809 XOR
2 1 1808 1796 1810 AND
2 1 1244 1263 1811 XOR
2 1 1584 1811 1812 AND
2 1 1244 1812 1813 XOR
2 1 1813 1783 1814 XOR
2 1 1675 1814 1815 AND
2 1 1813 1815 1816 XOR
2 1 1816 1751 1817 XOR
2 1 1633 1817 1818 AND
2 1 1816 1818 1819 XOR
2 1 1683 1819 1820 XOR
2 1 1512 1820 1821 AND
2 1 1683 1821 1822 XOR
2 1 1822 1810 1823 XOR
2 1 1822 1810 1824 AND
2 1 1263 1280 1825 XOR
2 1 1584 1825 1826 AND
2 1 1263 1826 1827 XOR
2 1 1827 1799 1828 XOR
2 1 1675 1828 1829 AND
2 1 1827 1829 1830 XOR
2 1 1770 1830 1831 XOR
2 1 1634 1831 1832 AND
2 1 1770 1832 1833 XOR
2 1 1701 1833 1834 XOR
2 1 1512 1834 1835 AND
2 1 1701 1835 1836 XOR
2 1 1836 1824 1837 XOR
2 1 1836 1824 1838 AND
2 1 1280 1297 1839 XOR
2 1 1584 1839 1840 AND
2 1 1280 1840 1841 XOR
2 1 1841 1813 1842 XOR
2 1 1675 1842 1843 AND
2 1 1841 1843 1844 XOR
2 1 1844 1786 1845 XOR
2 1 1633 1845 1846 AND
2 1 1844 1846 1847 XOR
2 1 1716 1847 1848 XOR
2 1 1512 1848 1849 AND
2 1 1716 1849 1850 XOR
2 1 1850 1838 1851 XOR
2 1 1850 1838 1852 AND
1 1 1802 1853 INV
2 1 1431 1516 1854 XOR
2 1 1584 1854 1855 AND
2 1 1431 1855 1856 XOR
1 1 1827 1857 INV
2 1 1856 1857 1858 XOR
2 1 1675 1858 1859 AND
2 1 1856 1859 1860 XOR
2 1 1853 1860 1861 XOR
2 1 1634 1861 1862 AND
2 1 1853 1862 1863 XOR
2 1 1863 1734 1864 XOR
2 1 1511 1864 1865 AND
2 1 1863 1865 1866 XOR
2 1 1511 1724 1867 XOR
2 1 1511 1724 1868 AND
2 1 1867 1868 1869 XOR
1 1 1869 1870 INV
2 1 1651 1870 1871 AND
1 1 1871 1872 INV
2 1 1866 1872 1873 AND
1 1 1873 1874 INV
2 1 1874 1852 1875 XOR
2 1 1874 1852 1876 AND
2 1 1511 1745 1877 XOR
2 1 1511 1745 1878 AND
2 1 1877 1878 1879 XOR
1 1 1879 1880 INV
2 1 1651 1880 1881 AND
1 1 1881 1882 INV
2 1 1312 1327 1883 XOR
2 1 1584 1883 1884 AND
2 1 1312 1884 1885 XOR
2 1 1885 1841 1886 XOR
2 1 1675 1886 1887 AND
2 1 1885 1887 1888 XOR
2 1 1816 1888 1889 XOR
2 1 1634 1889 1890 AND
2 1 1816 1890 1891 XOR
2 1 1891 1754 1892 XOR
2 1 1511 1892 1893 AND
2 1 1891 1893 1894 XOR
1 1 1894 1895 INV
2 1 1882 1895 1896 AND
1 1 1896 1897 INV
2 1 1897 1876 1898 XOR
2 1 1897 1876 1899 AND
1 1 1830 1900 INV
2 1 1435 1434 1901 XOR
2 1 1585 1901 1902 AND
2 1 1435 1902 1903 XOR
2 1 1903 1856 1904 XOR
2 1 1675 1904 1905 AND
2 1 1903 1905 1906 XOR
2 1 1900 1906 1907 XOR
2 1 1634 1907 1908 AND
2 1 1900 1908 1909 XOR
1 1 1773 1910 INV
2 1 1909 1910 1911 XOR
2 1 1511 1911 1912 AND
2 1 1909 1912 1913 XOR
1 1 1511 1914 INV
2 1 1774 1914 1915 AND
1 1 1915 1916 INV
1 1 1916 1917 INV
2 1 1651 1917 1918 AND
1 1 1918 1919 INV
2 1 1913 1919 1920 AND
1 1 1920 1921 INV
2 1 1921 1899 1922 XOR
2 1 1921 1899 1923 AND
1 1 1665 1924 INV
2 1 1651 1924 1925 AND
1 1 1925 1926 INV
1 1 1790 1927 INV
2 1 1511 1927 1928 AND
1 1 1928 1929 INV
2 1 1926 1929 1930 AND
2 1 1471 1435 1931 XOR
2 1 1585 1931 1932 AND
2 1 1471 1932 1933 XOR
1 1 1933 1934 INV
2 1 1885 1934 1935 XOR
2 1 1617 1935 1936 AND
2 1 1885 1936 1937 XOR
2 1 1844 1937 1938 XOR
2 1 1634 1938 1939 AND
2 1 1844 1939 1940 XOR
1 1 1940 1941 INV
2 1 1930 1941 1942 AND
1 1 1942 1943 INV
2 1 1943 1923 1944 XOR
2 1 1943 1923 1945 AND
1 1 1648 1946 INV
2 1 1651 1946 1947 AND
1 1 1947 1948 INV
1 1 1512 1949 INV
2 1 1805 1949 1950 AND
1 1 1950 1951 INV
2 1 1948 1951 1952 AND
2 1 1470 1471 1953 XOR
2 1 1585 1953 1954 AND
2 1 1470 1954 1955 XOR
2 1 1955 1903 1956 XOR
2 1 1675 1956 1957 AND
2 1 1955 1957 1958 XOR
2 1 1958 1860 1959 XOR
2 1 1633 1959 1960 AND
2 1 1958 1960 1961 XOR
2 1 1952 1961 1962 AND
1 1 1962 1963 INV
2 1 1963 1945 1964 XOR
2 1 1963 1945 1965 AND
1 1 1685 1966 INV
2 1 1651 1966 1967 AND
1 1 1967 1968 INV
2 1 1511 1819 1969 AND
1 1 1969 1970 INV
2 1 1968 1970 1971 AND
2 1 1449 1470 1972 XOR
2 1 1585 1972 1973 AND
2 1 1449 1973 1974 XOR
2 1 1974 1933 1975 XOR
2 1 1675 1975 1976 AND
2 1 1974 1976 1977 XOR
1 1 1977 1978 INV
2 1 1888 1978 1979 XOR
2 1 1634 1979 1980 AND
2 1 1888 1980 1981 XOR
1 1 1981 1982 INV
2 1 1971 1982 1983 AND
1 1 1983 1984 INV
2 1 1984 1965 1985 XOR
2 1 1984 1965 1986 AND
1 1 1703 1987 INV
2 1 1651 1987 1988 AND
1 1 1988 1989 INV
2 1 1511 1833 1990 AND
1 1 1990 1991 INV
2 1 1989 1991 1992 AND
2 1 1449 1515 1993 XOR
2 1 1584 1993 1994 AND
2 1 1449 1994 1995 XOR
2 1 1995 1955 1996 XOR
2 1 1675 1996 1997 AND
2 1 1995 1997 1998 XOR
2 1 1998 1906 1999 XOR
2 1 1633 1999 2000 AND
2 1 1998 2000 2001 XOR
2 1 1992 2001 2002 AND
1 1 2002 2003 INV
2 1 2003 1986 2004 XOR
2 1 2003 1986 2005 AND
2 1 1515 1476 2006 XOR
2 1 1584 2006 2007 AND
2 1 1515 2007 2008 XOR
2 1 1974 2008 2009 XOR
2 1 1617 2009 2010 AND
2 1 1974 2010 2011 XOR
1 1 1718 2012 INV
2 1 1651 2012 2013 AND
1 1 2013 2014 INV
2 1 2011 2014 2015 AND
2 1 1511 1847 2016 AND
1 1 2016 2017 INV
2 1 1633 1937 2018 AND
1 1 2018 2019 INV
2 1 2017 2019 2020 AND
2 1 2015 2020 2021 AND
1 1 2021 2022 INV
2 1 2022 2005 2023 XOR
2 1 2022 2005 2024 AND
2 1 1476 1514 2025 XOR
2 1 1584 2025 2026 AND
2 1 1476 2026 2027 XOR
2 1 1995 2027 2028 XOR
2 1 1617 2028 2029 AND
2 1 1995 2029 2030 XOR
1 1 1737 2031 INV
2 1 1651 2031 2032 AND
1 1 2032 2033 INV
2 1 2030 2033 2034 AND
2 1 1863 1512 2035 XOR
2 1 1863 1512 2036 AND
2 1 2035 2036 2037 XOR
2 1 1958 1634 2038 XOR
2 1 1958 1634 2039 AND
2 1 2038 2039 2040 XOR
2 1 2037 2040 2041 AND
2 1 2034 2041 2042 AND
1 1 2042 2043 INV
2 1 2043 2024 2044 XOR
2 1 2043 2024 2045 AND
2 1 1398 1412 2046 AND
2 1 2046 1427 2047 AND
2 1 1369 1355 2048 AND
2 1 2048 1384 2049 AND
2 1 2047 2049 2050 AND
2 1 1312 1327 2051 AND
2 1 2051 1341 2052 AND
2 1 1280 1263 2053 AND
2 1 2053 1297 2054 AND
2 1 2052 2054 2055 AND
2 1 2050 2055 2056 AND
2 1 1171 1147 2057 AND
2 1 1880 1870 2058 XOR
2 1 1880 1870 2059 AND
2 1 2058 2059 2060 XOR
1 1 2060 2061 INV
2 1 841 661 2062 XOR
2 1 1669 2062 2063 XOR
2 1 1669 2062 2064 AND
2 1 2063 2064 2065 XOR
1 1 2065 2066 INV
2 1 2061 2066 2067 AND
1 1 2067 2068 INV
2 1 2068 1483 2069 AND
1 1 1916 2070 INV
2 1 2069 2070 2071 AND
1 1 2071 2072 INV
1 1 2072 2073 INV
2 1 2057 2073 2074 AND
2 1 1117 1244 2075 AND
2 1 1088 2075 2076 AND
2 1 2074 2076 2077 AND
2 1 1192 1210 2078 AND
2 1 1227 2078 2079 AND
2 1 1053 973 2080 AND
2 1 2080 1022 2081 AND
2 1 2079 2081 2082 AND
2 1 2077 2082 2083 AND
2 1 2056 2083 2084 AND
2 1 1459 2084 2085 AND
1 1 2085 2086 INV
1 1 1464 2087 INV
2 1 2086 2087 2088 AND
1 1 2088 2089 INV
2 1 656 2089 2090 AND
1 1 2090 2091 INV
1 1 2072 2092 INV
2 1 2091 2092 2093 AND
1 1 2093 2094 INV
2 1 2091 2094 2095 AND
1 1 395 2096 INV
2 1 399 2096 2097 AND
2 1 2093 1809 2098 AND
1 1 2098 2099 INV
2 1 1585 400 2100 AND
2 1 2100 1675 2101 XOR
2 1 2100 1675 2102 AND
2 1 2101 2102 2103 XOR
2 1 400 395 2104 XOR
1 1 2104 2105 INV
1 1 2105 2106 INV
2 1 1617 2106 2107 AND
1 1 2107 2108 INV
2 1 2103 2108 2109 AND
2 1 2100 2105 2110 XOR
2 1 2100 2105 2111 AND
2 1 2110 2111 2112 XOR
2 1 2109 2112 2113 AND
2 1 2113 1633 2114 XOR
1 1 2114 2115 INV
2 1 395 400 2116 AND
1 1 2116 2117 INV
2 1 416 2117 2118 XOR
2 1 2115 2118 2119 XOR
2 1 2100 1617 2120 XOR
1 1 2120 2121 INV
2 1 2121 2105 2122 XOR
2 1 2119 2122 2123 AND
1 1 2113 2124 INV
2 1 1634 2124 2125 AND
1 1 2125 2126 INV
2 1 1634 2118 2127 AND
1 1 2127 2128 INV
2 1 2126 2128 2129 AND
1 1 2113 2130 INV
2 1 2118 2130 2131 AND
1 1 2131 2132 INV
2 1 2129 2132 2133 AND
2 1 2133 1511 2134 XOR
1 1 2134 2135 INV
1 1 2117 2136 INV
2 1 417 2136 2137 AND
1 1 2137 2138 INV
2 1 428 2138 2139 XOR
2 1 2135 2139 2140 XOR
1 1 2133 2141 INV
2 1 1512 2141 2142 AND
1 1 2142 2143 INV
2 1 1512 2139 2144 AND
1 1 2144 2145 INV
2 1 2143 2145 2146 AND
1 1 2133 2147 INV
2 1 2139 2147 2148 AND
1 1 2148 2149 INV
2 1 2146 2149 2150 AND
2 1 2150 1651 2151 XOR
1 1 2151 2152 INV
1 1 2138 2153 INV
2 1 429 2153 2154 AND
1 1 2154 2155 INV
2 1 440 2155 2156 XOR
2 1 2152 2156 2157 XOR
2 1 2140 2157 2158 AND
2 1 2123 2158 2159 AND
1 1 2155 2160 INV
2 1 441 2160 2161 AND
1 1 2161 2162 INV
1 1 2162 2163 INV
2 1 453 2163 2164 AND
1 1 2164 2165 INV
1 1 2165 2166 INV
2 1 465 2166 2167 AND
2 1 476 2167 2168 XOR
1 1 2168 2169 INV
1 1 2150 2170 INV
2 1 1483 2170 2171 AND
1 1 2171 2172 INV
2 1 1483 2156 2173 AND
1 1 2173 2174 INV
2 1 2172 2174 2175 AND
1 1 2150 2176 INV
2 1 2156 2176 2177 AND
1 1 2177 2178 INV
2 1 2175 2178 2179 AND
2 1 452 2162 2180 XOR
1 1 2180 2181 INV
2 1 2179 2181 2182 AND
2 1 465 2165 2183 XOR
2 1 2182 2183 2184 AND
2 1 2169 2184 2185 XOR
2 1 2180 2179 2186 XOR
1 1 2186 2187 INV
2 1 2185 2187 2188 AND
2 1 400 1584 2189 XOR
1 1 2189 2190 INV
2 1 2183 2182 2191 XOR
2 1 2190 2191 2192 AND
2 1 2188 2192 2193 AND
2 1 2159 2193 2194 AND
1 1 2194 2195 INV
1 1 476 2196 INV
2 1 2169 2196 2197 AND
2 1 2197 2184 2198 AND
1 1 2198 2199 INV
2 1 2195 2199 2200 AND
2 1 659 2200 2201 AND
1 1 476 2202 INV
2 1 464 2202 2203 AND
2 1 2097 2203 2204 AND
2 1 452 440 2205 AND
2 1 428 416 2206 AND
2 1 2205 2206 2207 AND
2 1 2204 2207 2208 AND
1 1 2208 2209 INV
2 1 2209 2095 2210 AND
2 1 2201 2210 2211 AND
2 1 2211 1808 2212 AND
1 1 2212 2213 INV
2 1 2099 2213 2214 AND
1 1 2214 2215 INV
2 1 2093 1795 2216 AND
1 1 2216 2217 INV
2 1 1794 2211 2218 AND
1 1 2218 2219 INV
2 1 2217 2219 2220 AND
1 1 2220 2221 INV
2 1 2093 1779 2222 AND
1 1 2222 2223 INV
2 1 2211 1778 2224 AND
1 1 2224 2225 INV
2 1 2223 2225 2226 AND
1 1 2226 2227 INV
2 1 2093 1763 2228 AND
1 1 2228 2229 INV
2 1 2211 1762 2230 AND
1 1 2230 2231 INV
2 1 2229 2231 2232 AND
1 1 2232 2233 INV
2 1 2093 1742 2234 AND
1 1 2234 2235 INV
2 1 2211 1741 2236 AND
1 1 2236 2237 INV
2 1 2235 2237 2238 AND
1 1 2238 2239 INV
2 1 2093 1721 2240 AND
1 1 2240 2241 INV
2 1 2211 1720 2242 AND
1 1 2242 2243 INV
2 1 2241 2243 2244 AND
1 1 2244 2245 INV
2 1 2093 1706 2246 AND
1 1 2246 2247 INV
2 1 2211 1705 2248 AND
1 1 2248 2249 INV
2 1 2247 2249 2250 AND
1 1 2250 2251 INV
2 1 474 461 2252 XOR
2 1 474 461 2253 AND
2 1 2252 2253 2254 XOR
1 1 2254 2255 INV
2 1 437 449 2256 XOR
2 1 437 449 2257 AND
2 1 2256 2257 2258 XOR
1 1 2258 2259 INV
2 1 2255 2259 2260 AND
2 1 413 425 2261 XOR
2 1 413 425 2262 AND
2 1 2261 2262 2263 XOR
1 1 2263 2264 INV
2 1 392 403 2265 XOR
2 1 392 403 2266 AND
2 1 2265 2266 2267 XOR
1 1 2267 2268 INV
2 1 2264 2268 2269 AND
2 1 2260 2269 2270 AND
1 1 2270 2271 INV
2 1 2271 2209 2272 AND
1 1 2272 2273 INV
2 1 661 2273 2274 AND
1 1 2274 2275 INV
2 1 1511 1651 2276 AND
2 1 1675 1585 2277 AND
2 1 2276 2277 2278 AND
1 1 2278 2279 INV
2 1 2275 2279 2280 AND
2 1 481 2280 2281 AND
2 1 1517 2084 2282 AND
1 1 2282 2283 INV
1 1 486 2284 INV
2 1 2283 2284 2285 AND
2 1 2285 2089 2286 XOR
2 1 2285 2089 2287 AND
2 1 2286 2287 2288 XOR
1 1 2288 2289 INV
2 1 476 2289 2290 AND
1 1 2290 2291 INV
1 1 2169 2292 INV
2 1 2089 2292 2293 AND
1 1 2293 2294 INV
2 1 2291 2294 2295 AND
1 1 2200 2296 INV
2 1 2209 2296 2297 AND
1 1 2297 2298 INV
1 1 2278 2299 INV
2 1 2298 2299 2300 AND
2 1 2300 2285 2301 AND
1 1 2185 2302 INV
2 1 2301 2302 2303 AND
1 1 2303 2304 INV
2 1 2295 2304 2305 AND
1 1 2305 2306 INV
2 1 2093 1688 2307 AND
1 1 2307 2308 INV
2 1 2211 1687 2309 AND
1 1 2309 2310 INV
2 1 2308 2310 2311 AND
1 1 2311 2312 INV
2 1 465 2289 2313 AND
1 1 2313 2314 INV
1 1 2183 2315 INV
2 1 2089 2315 2316 AND
1 1 2316 2317 INV
2 1 2314 2317 2318 AND
1 1 2191 2319 INV
2 1 2301 2319 2320 AND
1 1 2320 2321 INV
2 1 2318 2321 2322 AND
1 1 2322 2323 INV
2 1 453 2289 2324 AND
1 1 2324 2325 INV
2 1 2089 2180 2326 AND
1 1 2326 2327 INV
2 1 2325 2327 2328 AND
2 1 2186 2301 2329 AND
1 1 2329 2330 INV
2 1 2328 2330 2331 AND
1 1 2331 2332 INV
2 1 441 2289 2333 AND
1 1 2333 2334 INV
2 1 2156 2089 2335 AND
1 1 2335 2336 INV
2 1 2334 2336 2337 AND
1 1 2157 2338 INV
2 1 2301 2338 2339 AND
1 1 2339 2340 INV
2 1 2337 2340 2341 AND
1 1 2341 2342 INV
2 1 429 2289 2343 AND
1 1 2343 2344 INV
2 1 2139 2089 2345 AND
1 1 2345 2346 INV
2 1 2344 2346 2347 AND
1 1 2140 2348 INV
2 1 2301 2348 2349 AND
1 1 2349 2350 INV
2 1 2347 2350 2351 AND
1 1 2351 2352 INV
2 1 417 2289 2353 AND
1 1 2353 2354 INV
2 1 2118 2089 2355 AND
1 1 2355 2356 INV
2 1 2354 2356 2357 AND
1 1 2119 2358 INV
2 1 2301 2358 2359 AND
1 1 2359 2360 INV
2 1 2357 2360 2361 AND
1 1 2361 2362 INV
2 1 395 2289 2363 AND
1 1 2363 2364 INV
2 1 2106 2089 2365 AND
1 1 2365 2366 INV
2 1 2364 2366 2367 AND
1 1 2122 2368 INV
2 1 2301 2368 2369 AND
1 1 2369 2370 INV
2 1 2367 2370 2371 AND
1 1 2371 2372 INV
1 1 2190 2373 INV
2 1 2301 2373 2374 AND
1 1 2374 2375 INV
2 1 2289 2089 2376 XOR
2 1 399 2376 2377 AND
2 1 2289 2377 2378 XOR
1 1 2378 2379 INV
2 1 2375 2379 2380 AND
1 1 2380 2381 INV
2 1 1460 1514 2382 XOR
2 1 1585 2382 2383 AND
2 1 1460 2383 2384 XOR
1 1 1758 2385 INV
2 1 1651 2385 2386 AND
1 1 2386 2387 INV
2 1 2384 2387 2388 AND
2 1 1978 1633 2389 AND
1 1 2389 2390 INV
2 1 2008 1617 2391 XOR
2 1 2008 1617 2392 AND
2 1 2391 2392 2393 XOR
2 1 2390 2393 2394 AND
2 1 1511 1891 2395 AND
1 1 2395 2396 INV
2 1 2394 2396 2397 AND
2 1 2388 2397 2398 AND
1 1 2398 2399 INV
2 1 2399 2045 2400 XOR
2 1 2093 2400 2401 AND
1 1 2401 2402 INV
2 1 2399 2211 2403 AND
1 1 2403 2404 INV
2 1 2402 2404 2405 AND
1 1 2405 2406 INV
2 1 2093 2044 2407 AND
1 1 2407 2408 INV
2 1 2211 2043 2409 AND
1 1 2409 2410 INV
2 1 2408 2410 2411 AND
1 1 2411 2412 INV
2 1 2093 2023 2413 AND
1 1 2413 2414 INV
2 1 2211 2022 2415 AND
1 1 2415 2416 INV
2 1 2414 2416 2417 AND
1 1 2417 2418 INV
2 1 2093 1670 2419 AND
1 1 2419 2420 INV
2 1 2211 1650 2421 AND
1 1 2421 2422 INV
2 1 2420 2422 2423 AND
1 1 2423 2424 INV
2 1 2093 2004 2425 AND
1 1 2425 2426 INV
2 1 2211 2003 2427 AND
1 1 2427 2428 INV
2 1 2426 2428 2429 AND
1 1 2429 2430 INV
2 1 2093 1985 2431 AND
1 1 2431 2432 INV
2 1 2211 1984 2433 AND
1 1 2433 2434 INV
2 1 2432 2434 2435 AND
1 1 2435 2436 INV
2 1 2093 1964 2437 AND
1 1 2437 2438 INV
2 1 2211 1963 2439 AND
1 1 2439 2440 INV
2 1 2438 2440 2441 AND
1 1 2441 2442 INV
2 1 2093 1944 2443 AND
1 1 2443 2444 INV
2 1 2211 1943 2445 AND
1 1 2445 2446 INV
2 1 2444 2446 2447 AND
1 1 2447 2448 INV
2 1 2093 1922 2449 AND
1 1 2449 2450 INV
2 1 2211 1921 2451 AND
1 1 2451 2452 INV
2 1 2450 2452 2453 AND
1 1 2453 2454 INV
2 1 2093 1898 2455 AND
1 1 2455 2456 INV
2 1 2211 1897 2457 AND
1 1 2457 2458 INV
2 1 2456 2458 2459 AND
1 1 2459 2460 INV
2 1 2093 1875 2461 AND
1 1 2461 2462 INV
2 1 2211 1874 2463 AND
1 1 2463 2464 INV
2 1 2462 2464 2465 AND
1 1 2465 2466 INV
2 1 2093 1851 2467 AND
1 1 2467 2468 INV
2 1 2211 1850 2469 AND
1 1 2469 2470 INV
2 1 2468 2470 2471 AND
1 1 2471 2472 INV
2 1 2093 1837 2473 AND
1 1 2473 2474 INV
2 1 2211 1836 2475 AND
1 1 2475 2476 INV
2 1 2474 2476 2477 AND
1 1 2477 2478 INV
2 1 2093 1823 2479 AND
1 1 2479 2480 INV
2 1 2211 1822 2481 AND
1 1 2481 2482 INV
2 1 2480 2482 2483 AND
1 1 2483 2484 INV
2 1 2093 2211 2485 XOR
2 1 1669 2485 2486 AND
2 1 2093 2486 2487 XOR
2 1 0 0 2488 XOR
2 1 2488 2487 2489 XOR
2 1 2488 2424 2490 XOR
2 1 2488 2312 2491 XOR
2 1 2488 2251 2492 XOR
2 1 2488 2245 2493 XOR
2 1 2488 2239 2494 XOR
2 1 2488 2233 2495 XOR
2 1 2488 2227 2496 XOR
2 1 2488 2221 2497 XOR
2 1 2488 2215 2498 XOR
2 1 2488 2484 2499 XOR
2 1 2488 2478 2500 XOR
2 1 2488 2472 2501 XOR
2 1 2488 2466 2502 XOR
2 1 2488 2460 2503 XOR
2 1 2488 2454 2504 XOR
2 1 2488 2448 2505 XOR
2 1 2488 2442 2506 XOR
2 1 2488 2436 2507 XOR
2 1 2488 2430 2508 XOR
2 1 2488 2418 2509 XOR
2 1 2488 2412 2510 XOR
2 1 2488 2406 2511 XOR
2 1 2488 2381 2512 XOR
2 1 2488 2372 2513 XOR
2 1 2488 2362 2514 XOR
2 1 2488 2352 2515 XOR
2 1 2488 2342 2516 XOR
2 1 2488 2332 2517 XOR
2 1 2488 2323 2518 XOR
2 1 2488 2306 2519 XOR
2 1 2488 2281 2520 XOR
2 1 0 0 2521 XOR
2 1 2521 2520 2522 XOR
2 1 2521 2519 2523 XOR
2 1 2521 2518 2524 XOR
2 1 2521 2517 2525 XOR
2 1 2521 2516 2526 XOR
2 1 2521 2515 2527 XOR
2 1 2521 2514 2528 XOR
2 1 2521 2513 2529 XOR
2 1 2521 2512 2530 XOR
2 1 2521 2511 2531 XOR
2 1 2521 2510 2532 XOR
2 1 2521 2509 2533 XOR
2 1 2521 2508 2534 XOR
2 1 2521 2507 2535 XOR
2 1 2521 2506 2536 XOR
2 1 2521 2505 2537 XOR
2 1 2521 2504 2538 XOR
2 1 2521 2503 2539 XOR
2 1 2521 2502 2540 XOR
2 1 2521 2501 2541 XOR
2 1 2521 2500 2542 XOR
2 1 2521 2499 2543 XOR
2 1 2521 2498 2544 XOR
2 1 2521 2497 2545 XOR
2 1 2521 2496 2546 XOR
2 1 2521 2495 2547 XOR
2 1 2521 2494 2548 XOR
2 1 2521 2493 2549 XOR
2 1 2521 2492 2550 XOR
2 1 2521 2491 2551 XOR
2 1 2521 2490 2552 XOR
2 1 2521 2489 2553 XOR
