1290 1322
16 16 16
                                                                                                                                                                                     
2 1 31 30 32 XOR
2 1 31 30 33 AND
2 1 32 33 34 XOR
2 1 34 29 35 XOR
2 1 34 29 36 AND
2 1 35 36 37 XOR
2 1 37 28 38 XOR
2 1 37 28 39 AND
2 1 38 39 40 XOR
2 1 40 27 41 XOR
2 1 40 27 42 AND
2 1 41 42 43 XOR
2 1 43 26 44 XOR
2 1 43 26 45 AND
2 1 44 45 46 XOR
2 1 46 25 47 XOR
2 1 46 25 48 AND
2 1 47 48 49 XOR
2 1 49 24 50 XOR
2 1 49 24 51 AND
2 1 50 51 52 XOR
2 1 52 23 53 XOR
2 1 52 23 54 AND
2 1 53 54 55 XOR
2 1 55 22 56 XOR
2 1 55 22 57 AND
2 1 56 57 58 XOR
2 1 58 21 59 XOR
2 1 58 21 60 AND
2 1 59 60 61 XOR
2 1 61 20 62 XOR
2 1 61 20 63 AND
2 1 62 63 64 XOR
2 1 64 19 65 XOR
2 1 64 19 66 AND
2 1 65 66 67 XOR
2 1 67 18 68 XOR
2 1 67 18 69 AND
2 1 68 69 70 XOR
2 1 70 17 71 XOR
2 1 70 17 72 AND
2 1 71 72 73 XOR
2 1 16 16 74 AND
2 1 74 73 75 XOR
2 1 74 73 76 AND
2 1 75 76 77 XOR
2 1 77 16 78 AND
2 1 78 16 79 XOR
1 1 77 80 INV
2 1 15 16 81 XOR
2 1 81 16 82 AND
2 1 79 17 83 XOR
2 1 82 17 84 XOR
2 1 83 82 85 XOR
2 1 83 84 86 AND
2 1 82 86 87 XOR
2 1 87 70 88 XOR
2 1 87 70 89 AND
2 1 88 89 90 XOR
2 1 15 81 91 XOR
2 1 90 91 92 AND
2 1 92 81 93 XOR
2 1 79 85 94 XOR
2 1 90 94 95 AND
2 1 95 85 96 XOR
1 1 90 97 INV
2 1 14 16 98 XOR
2 1 98 16 99 AND
2 1 93 17 100 XOR
2 1 99 17 101 XOR
2 1 100 99 102 XOR
2 1 100 101 103 AND
2 1 99 103 104 XOR
2 1 96 18 105 XOR
2 1 104 18 106 XOR
2 1 105 104 107 XOR
2 1 105 106 108 AND
2 1 104 108 109 XOR
2 1 109 67 110 XOR
2 1 109 67 111 AND
2 1 110 111 112 XOR
2 1 14 98 113 XOR
2 1 112 113 114 AND
2 1 114 98 115 XOR
2 1 93 102 116 XOR
2 1 112 116 117 AND
2 1 117 102 118 XOR
2 1 96 107 119 XOR
2 1 112 119 120 AND
2 1 120 107 121 XOR
1 1 112 122 INV
2 1 13 16 123 XOR
2 1 123 16 124 AND
2 1 115 17 125 XOR
2 1 124 17 126 XOR
2 1 125 124 127 XOR
2 1 125 126 128 AND
2 1 124 128 129 XOR
2 1 118 18 130 XOR
2 1 129 18 131 XOR
2 1 130 129 132 XOR
2 1 130 131 133 AND
2 1 129 133 134 XOR
2 1 121 19 135 XOR
2 1 134 19 136 XOR
2 1 135 134 137 XOR
2 1 135 136 138 AND
2 1 134 138 139 XOR
2 1 139 64 140 XOR
2 1 139 64 141 AND
2 1 140 141 142 XOR
2 1 13 123 143 XOR
2 1 142 143 144 AND
2 1 144 123 145 XOR
2 1 115 127 146 XOR
2 1 142 146 147 AND
2 1 147 127 148 XOR
2 1 118 132 149 XOR
2 1 142 149 150 AND
2 1 150 132 151 XOR
2 1 121 137 152 XOR
2 1 142 152 153 AND
2 1 153 137 154 XOR
1 1 142 155 INV
2 1 12 16 156 XOR
2 1 156 16 157 AND
2 1 145 17 158 XOR
2 1 157 17 159 XOR
2 1 158 157 160 XOR
2 1 158 159 161 AND
2 1 157 161 162 XOR
2 1 148 18 163 XOR
2 1 162 18 164 XOR
2 1 163 162 165 XOR
2 1 163 164 166 AND
2 1 162 166 167 XOR
2 1 151 19 168 XOR
2 1 167 19 169 XOR
2 1 168 167 170 XOR
2 1 168 169 171 AND
2 1 167 171 172 XOR
2 1 154 20 173 XOR
2 1 172 20 174 XOR
2 1 173 172 175 XOR
2 1 173 174 176 AND
2 1 172 176 177 XOR
2 1 177 61 178 XOR
2 1 177 61 179 AND
2 1 178 179 180 XOR
2 1 12 156 181 XOR
2 1 180 181 182 AND
2 1 182 156 183 XOR
2 1 145 160 184 XOR
2 1 180 184 185 AND
2 1 185 160 186 XOR
2 1 148 165 187 XOR
2 1 180 187 188 AND
2 1 188 165 189 XOR
2 1 151 170 190 XOR
2 1 180 190 191 AND
2 1 191 170 192 XOR
2 1 154 175 193 XOR
2 1 180 193 194 AND
2 1 194 175 195 XOR
1 1 180 196 INV
2 1 11 16 197 XOR
2 1 197 16 198 AND
2 1 183 17 199 XOR
2 1 198 17 200 XOR
2 1 199 198 201 XOR
2 1 199 200 202 AND
2 1 198 202 203 XOR
2 1 186 18 204 XOR
2 1 203 18 205 XOR
2 1 204 203 206 XOR
2 1 204 205 207 AND
2 1 203 207 208 XOR
2 1 189 19 209 XOR
2 1 208 19 210 XOR
2 1 209 208 211 XOR
2 1 209 210 212 AND
2 1 208 212 213 XOR
2 1 192 20 214 XOR
2 1 213 20 215 XOR
2 1 214 213 216 XOR
2 1 214 215 217 AND
2 1 213 217 218 XOR
2 1 195 21 219 XOR
2 1 218 21 220 XOR
2 1 219 218 221 XOR
2 1 219 220 222 AND
2 1 218 222 223 XOR
2 1 223 58 224 XOR
2 1 223 58 225 AND
2 1 224 225 226 XOR
2 1 11 197 227 XOR
2 1 226 227 228 AND
2 1 228 197 229 XOR
2 1 183 201 230 XOR
2 1 226 230 231 AND
2 1 231 201 232 XOR
2 1 186 206 233 XOR
2 1 226 233 234 AND
2 1 234 206 235 XOR
2 1 189 211 236 XOR
2 1 226 236 237 AND
2 1 237 211 238 XOR
2 1 192 216 239 XOR
2 1 226 239 240 AND
2 1 240 216 241 XOR
2 1 195 221 242 XOR
2 1 226 242 243 AND
2 1 243 221 244 XOR
1 1 226 245 INV
2 1 10 16 246 XOR
2 1 246 16 247 AND
2 1 229 17 248 XOR
2 1 247 17 249 XOR
2 1 248 247 250 XOR
2 1 248 249 251 AND
2 1 247 251 252 XOR
2 1 232 18 253 XOR
2 1 252 18 254 XOR
2 1 253 252 255 XOR
2 1 253 254 256 AND
2 1 252 256 257 XOR
2 1 235 19 258 XOR
2 1 257 19 259 XOR
2 1 258 257 260 XOR
2 1 258 259 261 AND
2 1 257 261 262 XOR
2 1 238 20 263 XOR
2 1 262 20 264 XOR
2 1 263 262 265 XOR
2 1 263 264 266 AND
2 1 262 266 267 XOR
2 1 241 21 268 XOR
2 1 267 21 269 XOR
2 1 268 267 270 XOR
2 1 268 269 271 AND
2 1 267 271 272 XOR
2 1 244 22 273 XOR
2 1 272 22 274 XOR
2 1 273 272 275 XOR
2 1 273 274 276 AND
2 1 272 276 277 XOR
2 1 277 55 278 XOR
2 1 277 55 279 AND
2 1 278 279 280 XOR
2 1 10 246 281 XOR
2 1 280 281 282 AND
2 1 282 246 283 XOR
2 1 229 250 284 XOR
2 1 280 284 285 AND
2 1 285 250 286 XOR
2 1 232 255 287 XOR
2 1 280 287 288 AND
2 1 288 255 289 XOR
2 1 235 260 290 XOR
2 1 280 290 291 AND
2 1 291 260 292 XOR
2 1 238 265 293 XOR
2 1 280 293 294 AND
2 1 294 265 295 XOR
2 1 241 270 296 XOR
2 1 280 296 297 AND
2 1 297 270 298 XOR
2 1 244 275 299 XOR
2 1 280 299 300 AND
2 1 300 275 301 XOR
1 1 280 302 INV
2 1 9 16 303 XOR
2 1 303 16 304 AND
2 1 283 17 305 XOR
2 1 304 17 306 XOR
2 1 305 304 307 XOR
2 1 305 306 308 AND
2 1 304 308 309 XOR
2 1 286 18 310 XOR
2 1 309 18 311 XOR
2 1 310 309 312 XOR
2 1 310 311 313 AND
2 1 309 313 314 XOR
2 1 289 19 315 XOR
2 1 314 19 316 XOR
2 1 315 314 317 XOR
2 1 315 316 318 AND
2 1 314 318 319 XOR
2 1 292 20 320 XOR
2 1 319 20 321 XOR
2 1 320 319 322 XOR
2 1 320 321 323 AND
2 1 319 323 324 XOR
2 1 295 21 325 XOR
2 1 324 21 326 XOR
2 1 325 324 327 XOR
2 1 325 326 328 AND
2 1 324 328 329 XOR
2 1 298 22 330 XOR
2 1 329 22 331 XOR
2 1 330 329 332 XOR
2 1 330 331 333 AND
2 1 329 333 334 XOR
2 1 301 23 335 XOR
2 1 334 23 336 XOR
2 1 335 334 337 XOR
2 1 335 336 338 AND
2 1 334 338 339 XOR
2 1 339 52 340 XOR
2 1 339 52 341 AND
2 1 340 341 342 XOR
2 1 9 303 343 XOR
2 1 342 343 344 AND
2 1 344 303 345 XOR
2 1 283 307 346 XOR
2 1 342 346 347 AND
2 1 347 307 348 XOR
2 1 286 312 349 XOR
2 1 342 349 350 AND
2 1 350 312 351 XOR
2 1 289 317 352 XOR
2 1 342 352 353 AND
2 1 353 317 354 XOR
2 1 292 322 355 XOR
2 1 342 355 356 AND
2 1 356 322 357 XOR
2 1 295 327 358 XOR
2 1 342 358 359 AND
2 1 359 327 360 XOR
2 1 298 332 361 XOR
2 1 342 361 362 AND
2 1 362 332 363 XOR
2 1 301 337 364 XOR
2 1 342 364 365 AND
2 1 365 337 366 XOR
1 1 342 367 INV
2 1 8 16 368 XOR
2 1 368 16 369 AND
2 1 345 17 370 XOR
2 1 369 17 371 XOR
2 1 370 369 372 XOR
2 1 370 371 373 AND
2 1 369 373 374 XOR
2 1 348 18 375 XOR
2 1 374 18 376 XOR
2 1 375 374 377 XOR
2 1 375 376 378 AND
2 1 374 378 379 XOR
2 1 351 19 380 XOR
2 1 379 19 381 XOR
2 1 380 379 382 XOR
2 1 380 381 383 AND
2 1 379 383 384 XOR
2 1 354 20 385 XOR
2 1 384 20 386 XOR
2 1 385 384 387 XOR
2 1 385 386 388 AND
2 1 384 388 389 XOR
2 1 357 21 390 XOR
2 1 389 21 391 XOR
2 1 390 389 392 XOR
2 1 390 391 393 AND
2 1 389 393 394 XOR
2 1 360 22 395 XOR
2 1 394 22 396 XOR
2 1 395 394 397 XOR
2 1 395 396 398 AND
2 1 394 398 399 XOR
2 1 363 23 400 XOR
2 1 399 23 401 XOR
2 1 400 399 402 XOR
2 1 400 401 403 AND
2 1 399 403 404 XOR
2 1 366 24 405 XOR
2 1 404 24 406 XOR
2 1 405 404 407 XOR
2 1 405 406 408 AND
2 1 404 408 409 XOR
2 1 409 49 410 XOR
2 1 409 49 411 AND
2 1 410 411 412 XOR
2 1 8 368 413 XOR
2 1 412 413 414 AND
2 1 414 368 415 XOR
2 1 345 372 416 XOR
2 1 412 416 417 AND
2 1 417 372 418 XOR
2 1 348 377 419 XOR
2 1 412 419 420 AND
2 1 420 377 421 XOR
2 1 351 382 422 XOR
2 1 412 422 423 AND
2 1 423 382 424 XOR
2 1 354 387 425 XOR
2 1 412 425 426 AND
2 1 426 387 427 XOR
2 1 357 392 428 XOR
2 1 412 428 429 AND
2 1 429 392 430 XOR
2 1 360 397 431 XOR
2 1 412 431 432 AND
2 1 432 397 433 XOR
2 1 363 402 434 XOR
2 1 412 434 435 AND
2 1 435 402 436 XOR
2 1 366 407 437 XOR
2 1 412 437 438 AND
2 1 438 407 439 XOR
1 1 412 440 INV
2 1 7 16 441 XOR
2 1 441 16 442 AND
2 1 415 17 443 XOR
2 1 442 17 444 XOR
2 1 443 442 445 XOR
2 1 443 444 446 AND
2 1 442 446 447 XOR
2 1 418 18 448 XOR
2 1 447 18 449 XOR
2 1 448 447 450 XOR
2 1 448 449 451 AND
2 1 447 451 452 XOR
2 1 421 19 453 XOR
2 1 452 19 454 XOR
2 1 453 452 455 XOR
2 1 453 454 456 AND
2 1 452 456 457 XOR
2 1 424 20 458 XOR
2 1 457 20 459 XOR
2 1 458 457 460 XOR
2 1 458 459 461 AND
2 1 457 461 462 XOR
2 1 427 21 463 XOR
2 1 462 21 464 XOR
2 1 463 462 465 XOR
2 1 463 464 466 AND
2 1 462 466 467 XOR
2 1 430 22 468 XOR
2 1 467 22 469 XOR
2 1 468 467 470 XOR
2 1 468 469 471 AND
2 1 467 471 472 XOR
2 1 433 23 473 XOR
2 1 472 23 474 XOR
2 1 473 472 475 XOR
2 1 473 474 476 AND
2 1 472 476 477 XOR
2 1 436 24 478 XOR
2 1 477 24 479 XOR
2 1 478 477 480 XOR
2 1 478 479 481 AND
2 1 477 481 482 XOR
2 1 439 25 483 XOR
2 1 482 25 484 XOR
2 1 483 482 485 XOR
2 1 483 484 486 AND
2 1 482 486 487 XOR
2 1 487 46 488 XOR
2 1 487 46 489 AND
2 1 488 489 490 XOR
2 1 7 441 491 XOR
2 1 490 491 492 AND
2 1 492 441 493 XOR
2 1 415 445 494 XOR
2 1 490 494 495 AND
2 1 495 445 496 XOR
2 1 418 450 497 XOR
2 1 490 497 498 AND
2 1 498 450 499 XOR
2 1 421 455 500 XOR
2 1 490 500 501 AND
2 1 501 455 502 XOR
2 1 424 460 503 XOR
2 1 490 503 504 AND
2 1 504 460 505 XOR
2 1 427 465 506 XOR
2 1 490 506 507 AND
2 1 507 465 508 XOR
2 1 430 470 509 XOR
2 1 490 509 510 AND
2 1 510 470 511 XOR
2 1 433 475 512 XOR
2 1 490 512 513 AND
2 1 513 475 514 XOR
2 1 436 480 515 XOR
2 1 490 515 516 AND
2 1 516 480 517 XOR
2 1 439 485 518 XOR
2 1 490 518 519 AND
2 1 519 485 520 XOR
1 1 490 521 INV
2 1 6 16 522 XOR
2 1 522 16 523 AND
2 1 493 17 524 XOR
2 1 523 17 525 XOR
2 1 524 523 526 XOR
2 1 524 525 527 AND
2 1 523 527 528 XOR
2 1 496 18 529 XOR
2 1 528 18 530 XOR
2 1 529 528 531 XOR
2 1 529 530 532 AND
2 1 528 532 533 XOR
2 1 499 19 534 XOR
2 1 533 19 535 XOR
2 1 534 533 536 XOR
2 1 534 535 537 AND
2 1 533 537 538 XOR
2 1 502 20 539 XOR
2 1 538 20 540 XOR
2 1 539 538 541 XOR
2 1 539 540 542 AND
2 1 538 542 543 XOR
2 1 505 21 544 XOR
2 1 543 21 545 XOR
2 1 544 543 546 XOR
2 1 544 545 547 AND
2 1 543 547 548 XOR
2 1 508 22 549 XOR
2 1 548 22 550 XOR
2 1 549 548 551 XOR
2 1 549 550 552 AND
2 1 548 552 553 XOR
2 1 511 23 554 XOR
2 1 553 23 555 XOR
2 1 554 553 556 XOR
2 1 554 555 557 AND
2 1 553 557 558 XOR
2 1 514 24 559 XOR
2 1 558 24 560 XOR
2 1 559 558 561 XOR
2 1 559 560 562 AND
2 1 558 562 563 XOR
2 1 517 25 564 XOR
2 1 563 25 565 XOR
2 1 564 563 566 XOR
2 1 564 565 567 AND
2 1 563 567 568 XOR
2 1 520 26 569 XOR
2 1 568 26 570 XOR
2 1 569 568 571 XOR
2 1 569 570 572 AND
2 1 568 572 573 XOR
2 1 573 43 574 XOR
2 1 573 43 575 AND
2 1 574 575 576 XOR
2 1 6 522 577 XOR
2 1 576 577 578 AND
2 1 578 522 579 XOR
2 1 493 526 580 XOR
2 1 576 580 581 AND
2 1 581 526 582 XOR
2 1 496 531 583 XOR
2 1 576 583 584 AND
2 1 584 531 585 XOR
2 1 499 536 586 XOR
2 1 576 586 587 AND
2 1 587 536 588 XOR
2 1 502 541 589 XOR
2 1 576 589 590 AND
2 1 590 541 591 XOR
2 1 505 546 592 XOR
2 1 576 592 593 AND
2 1 593 546 594 XOR
2 1 508 551 595 XOR
2 1 576 595 596 AND
2 1 596 551 597 XOR
2 1 511 556 598 XOR
2 1 576 598 599 AND
2 1 599 556 600 XOR
2 1 514 561 601 XOR
2 1 576 601 602 AND
2 1 602 561 603 XOR
2 1 517 566 604 XOR
2 1 576 604 605 AND
2 1 605 566 606 XOR
2 1 520 571 607 XOR
2 1 576 607 608 AND
2 1 608 571 609 XOR
1 1 576 610 INV
2 1 5 16 611 XOR
2 1 611 16 612 AND
2 1 579 17 613 XOR
2 1 612 17 614 XOR
2 1 613 612 615 XOR
2 1 613 614 616 AND
2 1 612 616 617 XOR
2 1 582 18 618 XOR
2 1 617 18 619 XOR
2 1 618 617 620 XOR
2 1 618 619 621 AND
2 1 617 621 622 XOR
2 1 585 19 623 XOR
2 1 622 19 624 XOR
2 1 623 622 625 XOR
2 1 623 624 626 AND
2 1 622 626 627 XOR
2 1 588 20 628 XOR
2 1 627 20 629 XOR
2 1 628 627 630 XOR
2 1 628 629 631 AND
2 1 627 631 632 XOR
2 1 591 21 633 XOR
2 1 632 21 634 XOR
2 1 633 632 635 XOR
2 1 633 634 636 AND
2 1 632 636 637 XOR
2 1 594 22 638 XOR
2 1 637 22 639 XOR
2 1 638 637 640 XOR
2 1 638 639 641 AND
2 1 637 641 642 XOR
2 1 597 23 643 XOR
2 1 642 23 644 XOR
2 1 643 642 645 XOR
2 1 643 644 646 AND
2 1 642 646 647 XOR
2 1 600 24 648 XOR
2 1 647 24 649 XOR
2 1 648 647 650 XOR
2 1 648 649 651 AND
2 1 647 651 652 XOR
2 1 603 25 653 XOR
2 1 652 25 654 XOR
2 1 653 652 655 XOR
2 1 653 654 656 AND
2 1 652 656 657 XOR
2 1 606 26 658 XOR
2 1 657 26 659 XOR
2 1 658 657 660 XOR
2 1 658 659 661 AND
2 1 657 661 662 XOR
2 1 609 27 663 XOR
2 1 662 27 664 XOR
2 1 663 662 665 XOR
2 1 663 664 666 AND
2 1 662 666 667 XOR
2 1 667 40 668 XOR
2 1 667 40 669 AND
2 1 668 669 670 XOR
2 1 5 611 671 XOR
2 1 670 671 672 AND
2 1 672 611 673 XOR
2 1 579 615 674 XOR
2 1 670 674 675 AND
2 1 675 615 676 XOR
2 1 582 620 677 XOR
2 1 670 677 678 AND
2 1 678 620 679 XOR
2 1 585 625 680 XOR
2 1 670 680 681 AND
2 1 681 625 682 XOR
2 1 588 630 683 XOR
2 1 670 683 684 AND
2 1 684 630 685 XOR
2 1 591 635 686 XOR
2 1 670 686 687 AND
2 1 687 635 688 XOR
2 1 594 640 689 XOR
2 1 670 689 690 AND
2 1 690 640 691 XOR
2 1 597 645 692 XOR
2 1 670 692 693 AND
2 1 693 645 694 XOR
2 1 600 650 695 XOR
2 1 670 695 696 AND
2 1 696 650 697 XOR
2 1 603 655 698 XOR
2 1 670 698 699 AND
2 1 699 655 700 XOR
2 1 606 660 701 XOR
2 1 670 701 702 AND
2 1 702 660 703 XOR
2 1 609 665 704 XOR
2 1 670 704 705 AND
2 1 705 665 706 XOR
1 1 670 707 INV
2 1 4 16 708 XOR
2 1 708 16 709 AND
2 1 673 17 710 XOR
2 1 709 17 711 XOR
2 1 710 709 712 XOR
2 1 710 711 713 AND
2 1 709 713 714 XOR
2 1 676 18 715 XOR
2 1 714 18 716 XOR
2 1 715 714 717 XOR
2 1 715 716 718 AND
2 1 714 718 719 XOR
2 1 679 19 720 XOR
2 1 719 19 721 XOR
2 1 720 719 722 XOR
2 1 720 721 723 AND
2 1 719 723 724 XOR
2 1 682 20 725 XOR
2 1 724 20 726 XOR
2 1 725 724 727 XOR
2 1 725 726 728 AND
2 1 724 728 729 XOR
2 1 685 21 730 XOR
2 1 729 21 731 XOR
2 1 730 729 732 XOR
2 1 730 731 733 AND
2 1 729 733 734 XOR
2 1 688 22 735 XOR
2 1 734 22 736 XOR
2 1 735 734 737 XOR
2 1 735 736 738 AND
2 1 734 738 739 XOR
2 1 691 23 740 XOR
2 1 739 23 741 XOR
2 1 740 739 742 XOR
2 1 740 741 743 AND
2 1 739 743 744 XOR
2 1 694 24 745 XOR
2 1 744 24 746 XOR
2 1 745 744 747 XOR
2 1 745 746 748 AND
2 1 744 748 749 XOR
2 1 697 25 750 XOR
2 1 749 25 751 XOR
2 1 750 749 752 XOR
2 1 750 751 753 AND
2 1 749 753 754 XOR
2 1 700 26 755 XOR
2 1 754 26 756 XOR
2 1 755 754 757 XOR
2 1 755 756 758 AND
2 1 754 758 759 XOR
2 1 703 27 760 XOR
2 1 759 27 761 XOR
2 1 760 759 762 XOR
2 1 760 761 763 AND
2 1 759 763 764 XOR
2 1 706 28 765 XOR
2 1 764 28 766 XOR
2 1 765 764 767 XOR
2 1 765 766 768 AND
2 1 764 768 769 XOR
2 1 769 37 770 XOR
2 1 769 37 771 AND
2 1 770 771 772 XOR
2 1 4 708 773 XOR
2 1 772 773 774 AND
2 1 774 708 775 XOR
2 1 673 712 776 XOR
2 1 772 776 777 AND
2 1 777 712 778 XOR
2 1 676 717 779 XOR
2 1 772 779 780 AND
2 1 780 717 781 XOR
2 1 679 722 782 XOR
2 1 772 782 783 AND
2 1 783 722 784 XOR
2 1 682 727 785 XOR
2 1 772 785 786 AND
2 1 786 727 787 XOR
2 1 685 732 788 XOR
2 1 772 788 789 AND
2 1 789 732 790 XOR
2 1 688 737 791 XOR
2 1 772 791 792 AND
2 1 792 737 793 XOR
2 1 691 742 794 XOR
2 1 772 794 795 AND
2 1 795 742 796 XOR
2 1 694 747 797 XOR
2 1 772 797 798 AND
2 1 798 747 799 XOR
2 1 697 752 800 XOR
2 1 772 800 801 AND
2 1 801 752 802 XOR
2 1 700 757 803 XOR
2 1 772 803 804 AND
2 1 804 757 805 XOR
2 1 703 762 806 XOR
2 1 772 806 807 AND
2 1 807 762 808 XOR
2 1 706 767 809 XOR
2 1 772 809 810 AND
2 1 810 767 811 XOR
1 1 772 812 INV
2 1 3 16 813 XOR
2 1 813 16 814 AND
2 1 775 17 815 XOR
2 1 814 17 816 XOR
2 1 815 814 817 XOR
2 1 815 816 818 AND
2 1 814 818 819 XOR
2 1 778 18 820 XOR
2 1 819 18 821 XOR
2 1 820 819 822 XOR
2 1 820 821 823 AND
2 1 819 823 824 XOR
2 1 781 19 825 XOR
2 1 824 19 826 XOR
2 1 825 824 827 XOR
2 1 825 826 828 AND
2 1 824 828 829 XOR
2 1 784 20 830 XOR
2 1 829 20 831 XOR
2 1 830 829 832 XOR
2 1 830 831 833 AND
2 1 829 833 834 XOR
2 1 787 21 835 XOR
2 1 834 21 836 XOR
2 1 835 834 837 XOR
2 1 835 836 838 AND
2 1 834 838 839 XOR
2 1 790 22 840 XOR
2 1 839 22 841 XOR
2 1 840 839 842 XOR
2 1 840 841 843 AND
2 1 839 843 844 XOR
2 1 793 23 845 XOR
2 1 844 23 846 XOR
2 1 845 844 847 XOR
2 1 845 846 848 AND
2 1 844 848 849 XOR
2 1 796 24 850 XOR
2 1 849 24 851 XOR
2 1 850 849 852 XOR
2 1 850 851 853 AND
2 1 849 853 854 XOR
2 1 799 25 855 XOR
2 1 854 25 856 XOR
2 1 855 854 857 XOR
2 1 855 856 858 AND
2 1 854 858 859 XOR
2 1 802 26 860 XOR
2 1 859 26 861 XOR
2 1 860 859 862 XOR
2 1 860 861 863 AND
2 1 859 863 864 XOR
2 1 805 27 865 XOR
2 1 864 27 866 XOR
2 1 865 864 867 XOR
2 1 865 866 868 AND
2 1 864 868 869 XOR
2 1 808 28 870 XOR
2 1 869 28 871 XOR
2 1 870 869 872 XOR
2 1 870 871 873 AND
2 1 869 873 874 XOR
2 1 811 29 875 XOR
2 1 874 29 876 XOR
2 1 875 874 877 XOR
2 1 875 876 878 AND
2 1 874 878 879 XOR
2 1 879 34 880 XOR
2 1 879 34 881 AND
2 1 880 881 882 XOR
2 1 3 813 883 XOR
2 1 882 883 884 AND
2 1 884 813 885 XOR
2 1 775 817 886 XOR
2 1 882 886 887 AND
2 1 887 817 888 XOR
2 1 778 822 889 XOR
2 1 882 889 890 AND
2 1 890 822 891 XOR
2 1 781 827 892 XOR
2 1 882 892 893 AND
2 1 893 827 894 XOR
2 1 784 832 895 XOR
2 1 882 895 896 AND
2 1 896 832 897 XOR
2 1 787 837 898 XOR
2 1 882 898 899 AND
2 1 899 837 900 XOR
2 1 790 842 901 XOR
2 1 882 901 902 AND
2 1 902 842 903 XOR
2 1 793 847 904 XOR
2 1 882 904 905 AND
2 1 905 847 906 XOR
2 1 796 852 907 XOR
2 1 882 907 908 AND
2 1 908 852 909 XOR
2 1 799 857 910 XOR
2 1 882 910 911 AND
2 1 911 857 912 XOR
2 1 802 862 913 XOR
2 1 882 913 914 AND
2 1 914 862 915 XOR
2 1 805 867 916 XOR
2 1 882 916 917 AND
2 1 917 867 918 XOR
2 1 808 872 919 XOR
2 1 882 919 920 AND
2 1 920 872 921 XOR
2 1 811 877 922 XOR
2 1 882 922 923 AND
2 1 923 877 924 XOR
1 1 882 925 INV
2 1 2 16 926 XOR
2 1 926 16 927 AND
2 1 885 17 928 XOR
2 1 927 17 929 XOR
2 1 928 927 930 XOR
2 1 928 929 931 AND
2 1 927 931 932 XOR
2 1 888 18 933 XOR
2 1 932 18 934 XOR
2 1 933 932 935 XOR
2 1 933 934 936 AND
2 1 932 936 937 XOR
2 1 891 19 938 XOR
2 1 937 19 939 XOR
2 1 938 937 940 XOR
2 1 938 939 941 AND
2 1 937 941 942 XOR
2 1 894 20 943 XOR
2 1 942 20 944 XOR
2 1 943 942 945 XOR
2 1 943 944 946 AND
2 1 942 946 947 XOR
2 1 897 21 948 XOR
2 1 947 21 949 XOR
2 1 948 947 950 XOR
2 1 948 949 951 AND
2 1 947 951 952 XOR
2 1 900 22 953 XOR
2 1 952 22 954 XOR
2 1 953 952 955 XOR
2 1 953 954 956 AND
2 1 952 956 957 XOR
2 1 903 23 958 XOR
2 1 957 23 959 XOR
2 1 958 957 960 XOR
2 1 958 959 961 AND
2 1 957 961 962 XOR
2 1 906 24 963 XOR
2 1 962 24 964 XOR
2 1 963 962 965 XOR
2 1 963 964 966 AND
2 1 962 966 967 XOR
2 1 909 25 968 XOR
2 1 967 25 969 XOR
2 1 968 967 970 XOR
2 1 968 969 971 AND
2 1 967 971 972 XOR
2 1 912 26 973 XOR
2 1 972 26 974 XOR
2 1 973 972 975 XOR
2 1 973 974 976 AND
2 1 972 976 977 XOR
2 1 915 27 978 XOR
2 1 977 27 979 XOR
2 1 978 977 980 XOR
2 1 978 979 981 AND
2 1 977 981 982 XOR
2 1 918 28 983 XOR
2 1 982 28 984 XOR
2 1 983 982 985 XOR
2 1 983 984 986 AND
2 1 982 986 987 XOR
2 1 921 29 988 XOR
2 1 987 29 989 XOR
2 1 988 987 990 XOR
2 1 988 989 991 AND
2 1 987 991 992 XOR
2 1 924 30 993 XOR
2 1 992 30 994 XOR
2 1 993 992 995 XOR
2 1 993 994 996 AND
2 1 992 996 997 XOR
2 1 997 31 998 XOR
2 1 997 31 999 AND
2 1 998 999 1000 XOR
2 1 2 926 1001 XOR
2 1 1000 1001 1002 AND
2 1 1002 926 1003 XOR
2 1 885 930 1004 XOR
2 1 1000 1004 1005 AND
2 1 1005 930 1006 XOR
2 1 888 935 1007 XOR
2 1 1000 1007 1008 AND
2 1 1008 935 1009 XOR
2 1 891 940 1010 XOR
2 1 1000 1010 1011 AND
2 1 1011 940 1012 XOR
2 1 894 945 1013 XOR
2 1 1000 1013 1014 AND
2 1 1014 945 1015 XOR
2 1 897 950 1016 XOR
2 1 1000 1016 1017 AND
2 1 1017 950 1018 XOR
2 1 900 955 1019 XOR
2 1 1000 1019 1020 AND
2 1 1020 955 1021 XOR
2 1 903 960 1022 XOR
2 1 1000 1022 1023 AND
2 1 1023 960 1024 XOR
2 1 906 965 1025 XOR
2 1 1000 1025 1026 AND
2 1 1026 965 1027 XOR
2 1 909 970 1028 XOR
2 1 1000 1028 1029 AND
2 1 1029 970 1030 XOR
2 1 912 975 1031 XOR
2 1 1000 1031 1032 AND
2 1 1032 975 1033 XOR
2 1 915 980 1034 XOR
2 1 1000 1034 1035 AND
2 1 1035 980 1036 XOR
2 1 918 985 1037 XOR
2 1 1000 1037 1038 AND
2 1 1038 985 1039 XOR
2 1 921 990 1040 XOR
2 1 1000 1040 1041 AND
2 1 1041 990 1042 XOR
2 1 924 995 1043 XOR
2 1 1000 1043 1044 AND
2 1 1044 995 1045 XOR
1 1 1000 1046 INV
2 1 1 16 1047 XOR
2 1 1047 16 1048 AND
2 1 1003 17 1049 XOR
2 1 1048 17 1050 XOR
2 1 1049 1048 1051 XOR
2 1 1049 1050 1052 AND
2 1 1048 1052 1053 XOR
2 1 1006 18 1054 XOR
2 1 1053 18 1055 XOR
2 1 1054 1053 1056 XOR
2 1 1054 1055 1057 AND
2 1 1053 1057 1058 XOR
2 1 1009 19 1059 XOR
2 1 1058 19 1060 XOR
2 1 1059 1058 1061 XOR
2 1 1059 1060 1062 AND
2 1 1058 1062 1063 XOR
2 1 1012 20 1064 XOR
2 1 1063 20 1065 XOR
2 1 1064 1063 1066 XOR
2 1 1064 1065 1067 AND
2 1 1063 1067 1068 XOR
2 1 1015 21 1069 XOR
2 1 1068 21 1070 XOR
2 1 1069 1068 1071 XOR
2 1 1069 1070 1072 AND
2 1 1068 1072 1073 XOR
2 1 1018 22 1074 XOR
2 1 1073 22 1075 XOR
2 1 1074 1073 1076 XOR
2 1 1074 1075 1077 AND
2 1 1073 1077 1078 XOR
2 1 1021 23 1079 XOR
2 1 1078 23 1080 XOR
2 1 1079 1078 1081 XOR
2 1 1079 1080 1082 AND
2 1 1078 1082 1083 XOR
2 1 1024 24 1084 XOR
2 1 1083 24 1085 XOR
2 1 1084 1083 1086 XOR
2 1 1084 1085 1087 AND
2 1 1083 1087 1088 XOR
2 1 1027 25 1089 XOR
2 1 1088 25 1090 XOR
2 1 1089 1088 1091 XOR
2 1 1089 1090 1092 AND
2 1 1088 1092 1093 XOR
2 1 1030 26 1094 XOR
2 1 1093 26 1095 XOR
2 1 1094 1093 1096 XOR
2 1 1094 1095 1097 AND
2 1 1093 1097 1098 XOR
2 1 1033 27 1099 XOR
2 1 1098 27 1100 XOR
2 1 1099 1098 1101 XOR
2 1 1099 1100 1102 AND
2 1 1098 1102 1103 XOR
2 1 1036 28 1104 XOR
2 1 1103 28 1105 XOR
2 1 1104 1103 1106 XOR
2 1 1104 1105 1107 AND
2 1 1103 1107 1108 XOR
2 1 1039 29 1109 XOR
2 1 1108 29 1110 XOR
2 1 1109 1108 1111 XOR
2 1 1109 1110 1112 AND
2 1 1108 1112 1113 XOR
2 1 1042 30 1114 XOR
2 1 1113 30 1115 XOR
2 1 1114 1113 1116 XOR
2 1 1114 1115 1117 AND
2 1 1113 1117 1118 XOR
2 1 1045 31 1119 XOR
2 1 1118 31 1120 XOR
2 1 1119 1118 1121 XOR
2 1 1119 1120 1122 AND
2 1 1118 1122 1123 XOR
2 1 1 1047 1124 XOR
2 1 1123 1124 1125 AND
2 1 1125 1047 1126 XOR
2 1 1003 1051 1127 XOR
2 1 1123 1127 1128 AND
2 1 1128 1051 1129 XOR
2 1 1006 1056 1130 XOR
2 1 1123 1130 1131 AND
2 1 1131 1056 1132 XOR
2 1 1009 1061 1133 XOR
2 1 1123 1133 1134 AND
2 1 1134 1061 1135 XOR
2 1 1012 1066 1136 XOR
2 1 1123 1136 1137 AND
2 1 1137 1066 1138 XOR
2 1 1015 1071 1139 XOR
2 1 1123 1139 1140 AND
2 1 1140 1071 1141 XOR
2 1 1018 1076 1142 XOR
2 1 1123 1142 1143 AND
2 1 1143 1076 1144 XOR
2 1 1021 1081 1145 XOR
2 1 1123 1145 1146 AND
2 1 1146 1081 1147 XOR
2 1 1024 1086 1148 XOR
2 1 1123 1148 1149 AND
2 1 1149 1086 1150 XOR
2 1 1027 1091 1151 XOR
2 1 1123 1151 1152 AND
2 1 1152 1091 1153 XOR
2 1 1030 1096 1154 XOR
2 1 1123 1154 1155 AND
2 1 1155 1096 1156 XOR
2 1 1033 1101 1157 XOR
2 1 1123 1157 1158 AND
2 1 1158 1101 1159 XOR
2 1 1036 1106 1160 XOR
2 1 1123 1160 1161 AND
2 1 1161 1106 1162 XOR
2 1 1039 1111 1163 XOR
2 1 1123 1163 1164 AND
2 1 1164 1111 1165 XOR
2 1 1042 1116 1166 XOR
2 1 1123 1166 1167 AND
2 1 1167 1116 1168 XOR
2 1 1045 1121 1169 XOR
2 1 1123 1169 1170 AND
2 1 1170 1121 1171 XOR
1 1 1123 1172 INV
2 1 0 16 1173 XOR
2 1 1173 16 1174 AND
2 1 1126 17 1175 XOR
2 1 1174 17 1176 XOR
2 1 1175 1174 1177 XOR
2 1 1175 1176 1178 AND
2 1 1174 1178 1179 XOR
2 1 1129 18 1180 XOR
2 1 1179 18 1181 XOR
2 1 1180 1179 1182 XOR
2 1 1180 1181 1183 AND
2 1 1179 1183 1184 XOR
2 1 1132 19 1185 XOR
2 1 1184 19 1186 XOR
2 1 1185 1184 1187 XOR
2 1 1185 1186 1188 AND
2 1 1184 1188 1189 XOR
2 1 1135 20 1190 XOR
2 1 1189 20 1191 XOR
2 1 1190 1189 1192 XOR
2 1 1190 1191 1193 AND
2 1 1189 1193 1194 XOR
2 1 1138 21 1195 XOR
2 1 1194 21 1196 XOR
2 1 1195 1194 1197 XOR
2 1 1195 1196 1198 AND
2 1 1194 1198 1199 XOR
2 1 1141 22 1200 XOR
2 1 1199 22 1201 XOR
2 1 1200 1199 1202 XOR
2 1 1200 1201 1203 AND
2 1 1199 1203 1204 XOR
2 1 1144 23 1205 XOR
2 1 1204 23 1206 XOR
2 1 1205 1204 1207 XOR
2 1 1205 1206 1208 AND
2 1 1204 1208 1209 XOR
2 1 1147 24 1210 XOR
2 1 1209 24 1211 XOR
2 1 1210 1209 1212 XOR
2 1 1210 1211 1213 AND
2 1 1209 1213 1214 XOR
2 1 1150 25 1215 XOR
2 1 1214 25 1216 XOR
2 1 1215 1214 1217 XOR
2 1 1215 1216 1218 AND
2 1 1214 1218 1219 XOR
2 1 1153 26 1220 XOR
2 1 1219 26 1221 XOR
2 1 1220 1219 1222 XOR
2 1 1220 1221 1223 AND
2 1 1219 1223 1224 XOR
2 1 1156 27 1225 XOR
2 1 1224 27 1226 XOR
2 1 1225 1224 1227 XOR
2 1 1225 1226 1228 AND
2 1 1224 1228 1229 XOR
2 1 1159 28 1230 XOR
2 1 1229 28 1231 XOR
2 1 1230 1229 1232 XOR
2 1 1230 1231 1233 AND
2 1 1229 1233 1234 XOR
2 1 1162 29 1235 XOR
2 1 1234 29 1236 XOR
2 1 1235 1234 1237 XOR
2 1 1235 1236 1238 AND
2 1 1234 1238 1239 XOR
2 1 1165 30 1240 XOR
2 1 1239 30 1241 XOR
2 1 1240 1239 1242 XOR
2 1 1240 1241 1243 AND
2 1 1239 1243 1244 XOR
2 1 1168 31 1245 XOR
2 1 1244 31 1246 XOR
2 1 1245 1244 1247 XOR
2 1 1245 1246 1248 AND
2 1 1244 1248 1249 XOR
2 1 1171 1249 1250 XOR
2 1 1171 1249 1251 AND
2 1 1249 1251 1252 XOR
2 1 0 1173 1253 XOR
2 1 1252 1253 1254 AND
2 1 1254 1173 1255 XOR
2 1 1126 1177 1256 XOR
2 1 1252 1256 1257 AND
2 1 1257 1177 1258 XOR
2 1 1129 1182 1259 XOR
2 1 1252 1259 1260 AND
2 1 1260 1182 1261 XOR
2 1 1132 1187 1262 XOR
2 1 1252 1262 1263 AND
2 1 1263 1187 1264 XOR
2 1 1135 1192 1265 XOR
2 1 1252 1265 1266 AND
2 1 1266 1192 1267 XOR
2 1 1138 1197 1268 XOR
2 1 1252 1268 1269 AND
2 1 1269 1197 1270 XOR
2 1 1141 1202 1271 XOR
2 1 1252 1271 1272 AND
2 1 1272 1202 1273 XOR
2 1 1144 1207 1274 XOR
2 1 1252 1274 1275 AND
2 1 1275 1207 1276 XOR
2 1 1147 1212 1277 XOR
2 1 1252 1277 1278 AND
2 1 1278 1212 1279 XOR
2 1 1150 1217 1280 XOR
2 1 1252 1280 1281 AND
2 1 1281 1217 1282 XOR
2 1 1153 1222 1283 XOR
2 1 1252 1283 1284 AND
2 1 1284 1222 1285 XOR
2 1 1156 1227 1286 XOR
2 1 1252 1286 1287 AND
2 1 1287 1227 1288 XOR
2 1 1159 1232 1289 XOR
2 1 1252 1289 1290 AND
2 1 1290 1232 1291 XOR
2 1 1162 1237 1292 XOR
2 1 1252 1292 1293 AND
2 1 1293 1237 1294 XOR
2 1 1165 1242 1295 XOR
2 1 1252 1295 1296 AND
2 1 1296 1242 1297 XOR
2 1 1168 1247 1298 XOR
2 1 1252 1298 1299 AND
2 1 1299 1247 1300 XOR
2 1 1171 1250 1301 XOR
2 1 1252 1301 1302 AND
2 1 1302 1250 1303 XOR
1 1 1252 1304 INV
2 1 0 0 1305 XOR
2 1 1305 1255 1306 XOR
2 1 1305 1258 1307 XOR
2 1 1305 1261 1308 XOR
2 1 1305 1264 1309 XOR
2 1 1305 1267 1310 XOR
2 1 1305 1270 1311 XOR
2 1 1305 1273 1312 XOR
2 1 1305 1276 1313 XOR
2 1 1305 1279 1314 XOR
2 1 1305 1282 1315 XOR
2 1 1305 1285 1316 XOR
2 1 1305 1288 1317 XOR
2 1 1305 1291 1318 XOR
2 1 1305 1294 1319 XOR
2 1 1305 1297 1320 XOR
2 1 1305 1300 1321 XOR
