386 402
8 8 8
                                                                                                                                                                                          
2 1 15 14 16 XOR
2 1 15 14 17 AND
2 1 16 17 18 XOR
2 1 18 13 19 XOR
2 1 18 13 20 AND
2 1 19 20 21 XOR
2 1 21 12 22 XOR
2 1 21 12 23 AND
2 1 22 23 24 XOR
2 1 24 11 25 XOR
2 1 24 11 26 AND
2 1 25 26 27 XOR
2 1 27 10 28 XOR
2 1 27 10 29 AND
2 1 28 29 30 XOR
2 1 30 9 31 XOR
2 1 30 9 32 AND
2 1 31 32 33 XOR
2 1 8 8 34 AND
2 1 34 33 35 XOR
2 1 34 33 36 AND
2 1 35 36 37 XOR
2 1 37 8 38 AND
2 1 38 8 39 XOR
1 1 37 40 INV
2 1 7 8 41 XOR
2 1 41 8 42 AND
2 1 39 9 43 XOR
2 1 42 9 44 XOR
2 1 43 42 45 XOR
2 1 43 44 46 AND
2 1 42 46 47 XOR
2 1 47 30 48 XOR
2 1 47 30 49 AND
2 1 48 49 50 XOR
2 1 7 41 51 XOR
2 1 50 51 52 AND
2 1 52 41 53 XOR
2 1 39 45 54 XOR
2 1 50 54 55 AND
2 1 55 45 56 XOR
1 1 50 57 INV
2 1 6 8 58 XOR
2 1 58 8 59 AND
2 1 53 9 60 XOR
2 1 59 9 61 XOR
2 1 60 59 62 XOR
2 1 60 61 63 AND
2 1 59 63 64 XOR
2 1 56 10 65 XOR
2 1 64 10 66 XOR
2 1 65 64 67 XOR
2 1 65 66 68 AND
2 1 64 68 69 XOR
2 1 69 27 70 XOR
2 1 69 27 71 AND
2 1 70 71 72 XOR
2 1 6 58 73 XOR
2 1 72 73 74 AND
2 1 74 58 75 XOR
2 1 53 62 76 XOR
2 1 72 76 77 AND
2 1 77 62 78 XOR
2 1 56 67 79 XOR
2 1 72 79 80 AND
2 1 80 67 81 XOR
1 1 72 82 INV
2 1 5 8 83 XOR
2 1 83 8 84 AND
2 1 75 9 85 XOR
2 1 84 9 86 XOR
2 1 85 84 87 XOR
2 1 85 86 88 AND
2 1 84 88 89 XOR
2 1 78 10 90 XOR
2 1 89 10 91 XOR
2 1 90 89 92 XOR
2 1 90 91 93 AND
2 1 89 93 94 XOR
2 1 81 11 95 XOR
2 1 94 11 96 XOR
2 1 95 94 97 XOR
2 1 95 96 98 AND
2 1 94 98 99 XOR
2 1 99 24 100 XOR
2 1 99 24 101 AND
2 1 100 101 102 XOR
2 1 5 83 103 XOR
2 1 102 103 104 AND
2 1 104 83 105 XOR
2 1 75 87 106 XOR
2 1 102 106 107 AND
2 1 107 87 108 XOR
2 1 78 92 109 XOR
2 1 102 109 110 AND
2 1 110 92 111 XOR
2 1 81 97 112 XOR
2 1 102 112 113 AND
2 1 113 97 114 XOR
1 1 102 115 INV
2 1 4 8 116 XOR
2 1 116 8 117 AND
2 1 105 9 118 XOR
2 1 117 9 119 XOR
2 1 118 117 120 XOR
2 1 118 119 121 AND
2 1 117 121 122 XOR
2 1 108 10 123 XOR
2 1 122 10 124 XOR
2 1 123 122 125 XOR
2 1 123 124 126 AND
2 1 122 126 127 XOR
2 1 111 11 128 XOR
2 1 127 11 129 XOR
2 1 128 127 130 XOR
2 1 128 129 131 AND
2 1 127 131 132 XOR
2 1 114 12 133 XOR
2 1 132 12 134 XOR
2 1 133 132 135 XOR
2 1 133 134 136 AND
2 1 132 136 137 XOR
2 1 137 21 138 XOR
2 1 137 21 139 AND
2 1 138 139 140 XOR
2 1 4 116 141 XOR
2 1 140 141 142 AND
2 1 142 116 143 XOR
2 1 105 120 144 XOR
2 1 140 144 145 AND
2 1 145 120 146 XOR
2 1 108 125 147 XOR
2 1 140 147 148 AND
2 1 148 125 149 XOR
2 1 111 130 150 XOR
2 1 140 150 151 AND
2 1 151 130 152 XOR
2 1 114 135 153 XOR
2 1 140 153 154 AND
2 1 154 135 155 XOR
1 1 140 156 INV
2 1 3 8 157 XOR
2 1 157 8 158 AND
2 1 143 9 159 XOR
2 1 158 9 160 XOR
2 1 159 158 161 XOR
2 1 159 160 162 AND
2 1 158 162 163 XOR
2 1 146 10 164 XOR
2 1 163 10 165 XOR
2 1 164 163 166 XOR
2 1 164 165 167 AND
2 1 163 167 168 XOR
2 1 149 11 169 XOR
2 1 168 11 170 XOR
2 1 169 168 171 XOR
2 1 169 170 172 AND
2 1 168 172 173 XOR
2 1 152 12 174 XOR
2 1 173 12 175 XOR
2 1 174 173 176 XOR
2 1 174 175 177 AND
2 1 173 177 178 XOR
2 1 155 13 179 XOR
2 1 178 13 180 XOR
2 1 179 178 181 XOR
2 1 179 180 182 AND
2 1 178 182 183 XOR
2 1 183 18 184 XOR
2 1 183 18 185 AND
2 1 184 185 186 XOR
2 1 3 157 187 XOR
2 1 186 187 188 AND
2 1 188 157 189 XOR
2 1 143 161 190 XOR
2 1 186 190 191 AND
2 1 191 161 192 XOR
2 1 146 166 193 XOR
2 1 186 193 194 AND
2 1 194 166 195 XOR
2 1 149 171 196 XOR
2 1 186 196 197 AND
2 1 197 171 198 XOR
2 1 152 176 199 XOR
2 1 186 199 200 AND
2 1 200 176 201 XOR
2 1 155 181 202 XOR
2 1 186 202 203 AND
2 1 203 181 204 XOR
1 1 186 205 INV
2 1 2 8 206 XOR
2 1 206 8 207 AND
2 1 189 9 208 XOR
2 1 207 9 209 XOR
2 1 208 207 210 XOR
2 1 208 209 211 AND
2 1 207 211 212 XOR
2 1 192 10 213 XOR
2 1 212 10 214 XOR
2 1 213 212 215 XOR
2 1 213 214 216 AND
2 1 212 216 217 XOR
2 1 195 11 218 XOR
2 1 217 11 219 XOR
2 1 218 217 220 XOR
2 1 218 219 221 AND
2 1 217 221 222 XOR
2 1 198 12 223 XOR
2 1 222 12 224 XOR
2 1 223 222 225 XOR
2 1 223 224 226 AND
2 1 222 226 227 XOR
2 1 201 13 228 XOR
2 1 227 13 229 XOR
2 1 228 227 230 XOR
2 1 228 229 231 AND
2 1 227 231 232 XOR
2 1 204 14 233 XOR
2 1 232 14 234 XOR
2 1 233 232 235 XOR
2 1 233 234 236 AND
2 1 232 236 237 XOR
2 1 237 15 238 XOR
2 1 237 15 239 AND
2 1 238 239 240 XOR
2 1 2 206 241 XOR
2 1 240 241 242 AND
2 1 242 206 243 XOR
2 1 189 210 244 XOR
2 1 240 244 245 AND
2 1 245 210 246 XOR
2 1 192 215 247 XOR
2 1 240 247 248 AND
2 1 248 215 249 XOR
2 1 195 220 250 XOR
2 1 240 250 251 AND
2 1 251 220 252 XOR
2 1 198 225 253 XOR
2 1 240 253 254 AND
2 1 254 225 255 XOR
2 1 201 230 256 XOR
2 1 240 256 257 AND
2 1 257 230 258 XOR
2 1 204 235 259 XOR
2 1 240 259 260 AND
2 1 260 235 261 XOR
1 1 240 262 INV
2 1 1 8 263 XOR
2 1 263 8 264 AND
2 1 243 9 265 XOR
2 1 264 9 266 XOR
2 1 265 264 267 XOR
2 1 265 266 268 AND
2 1 264 268 269 XOR
2 1 246 10 270 XOR
2 1 269 10 271 XOR
2 1 270 269 272 XOR
2 1 270 271 273 AND
2 1 269 273 274 XOR
2 1 249 11 275 XOR
2 1 274 11 276 XOR
2 1 275 274 277 XOR
2 1 275 276 278 AND
2 1 274 278 279 XOR
2 1 252 12 280 XOR
2 1 279 12 281 XOR
2 1 280 279 282 XOR
2 1 280 281 283 AND
2 1 279 283 284 XOR
2 1 255 13 285 XOR
2 1 284 13 286 XOR
2 1 285 284 287 XOR
2 1 285 286 288 AND
2 1 284 288 289 XOR
2 1 258 14 290 XOR
2 1 289 14 291 XOR
2 1 290 289 292 XOR
2 1 290 291 293 AND
2 1 289 293 294 XOR
2 1 261 15 295 XOR
2 1 294 15 296 XOR
2 1 295 294 297 XOR
2 1 295 296 298 AND
2 1 294 298 299 XOR
2 1 1 263 300 XOR
2 1 299 300 301 AND
2 1 301 263 302 XOR
2 1 243 267 303 XOR
2 1 299 303 304 AND
2 1 304 267 305 XOR
2 1 246 272 306 XOR
2 1 299 306 307 AND
2 1 307 272 308 XOR
2 1 249 277 309 XOR
2 1 299 309 310 AND
2 1 310 277 311 XOR
2 1 252 282 312 XOR
2 1 299 312 313 AND
2 1 313 282 314 XOR
2 1 255 287 315 XOR
2 1 299 315 316 AND
2 1 316 287 317 XOR
2 1 258 292 318 XOR
2 1 299 318 319 AND
2 1 319 292 320 XOR
2 1 261 297 321 XOR
2 1 299 321 322 AND
2 1 322 297 323 XOR
1 1 299 324 INV
2 1 0 8 325 XOR
2 1 325 8 326 AND
2 1 302 9 327 XOR
2 1 326 9 328 XOR
2 1 327 326 329 XOR
2 1 327 328 330 AND
2 1 326 330 331 XOR
2 1 305 10 332 XOR
2 1 331 10 333 XOR
2 1 332 331 334 XOR
2 1 332 333 335 AND
2 1 331 335 336 XOR
2 1 308 11 337 XOR
2 1 336 11 338 XOR
2 1 337 336 339 XOR
2 1 337 338 340 AND
2 1 336 340 341 XOR
2 1 311 12 342 XOR
2 1 341 12 343 XOR
2 1 342 341 344 XOR
2 1 342 343 345 AND
2 1 341 345 346 XOR
2 1 314 13 347 XOR
2 1 346 13 348 XOR
2 1 347 346 349 XOR
2 1 347 348 350 AND
2 1 346 350 351 XOR
2 1 317 14 352 XOR
2 1 351 14 353 XOR
2 1 352 351 354 XOR
2 1 352 353 355 AND
2 1 351 355 356 XOR
2 1 320 15 357 XOR
2 1 356 15 358 XOR
2 1 357 356 359 XOR
2 1 357 358 360 AND
2 1 356 360 361 XOR
2 1 323 361 362 XOR
2 1 323 361 363 AND
2 1 361 363 364 XOR
2 1 0 325 365 XOR
2 1 364 365 366 AND
2 1 366 325 367 XOR
2 1 302 329 368 XOR
2 1 364 368 369 AND
2 1 369 329 370 XOR
2 1 305 334 371 XOR
2 1 364 371 372 AND
2 1 372 334 373 XOR
2 1 308 339 374 XOR
2 1 364 374 375 AND
2 1 375 339 376 XOR
2 1 311 344 377 XOR
2 1 364 377 378 AND
2 1 378 344 379 XOR
2 1 314 349 380 XOR
2 1 364 380 381 AND
2 1 381 349 382 XOR
2 1 317 354 383 XOR
2 1 364 383 384 AND
2 1 384 354 385 XOR
2 1 320 359 386 XOR
2 1 364 386 387 AND
2 1 387 359 388 XOR
2 1 323 362 389 XOR
2 1 364 389 390 AND
2 1 390 362 391 XOR
1 1 364 392 INV
2 1 0 0 393 XOR
2 1 393 367 394 XOR
2 1 393 370 395 XOR
2 1 393 373 396 XOR
2 1 393 376 397 XOR
2 1 393 379 398 XOR
2 1 393 382 399 XOR
2 1 393 385 400 XOR
2 1 393 388 401 XOR
